100
0 41659 61282 49636 67326 48035 29694 46438 87384 82143 38685 66540 48746 29800 91786 54931 56232 61941 53423 75707 45135 69244 53802 89998 64199 63778 75825 31745 66975 44537 35793 55663 72647 60768 80884 46657 54066 84568 6266 48213 78216 50369 66761 54861 67607 38509 52250 54210 71135 56840 59165 100898 37687 36641 60600 46790 57658 68083 67570 37271 57053 78157 50749 67019 19306 70173 45726 42055 65074 68113 74723 85658 73552 50968 50279 26517 74890 61189 64653 81398 50435 61397 61752 59100 74009 62186 98409 65618 53015 69088 61118 54179 75363 76104 36755 37921 46641 97463 10043 73426
41659 0 19623 39592 94404 30305 11964 56619 64291 61319 2973 57920 13034 12070 56074 48127 45789 41117 40426 64705 50452 68671 35080 79069 28487 56110 44063 63374 55552 57614 48871 69701 49663 34818 55712 42224 36336 66837 35393 30483 75129 58383 37845 61881 58162 57077 58344 43766 62568 39110 48721 97812 51194 68270 44008 43069 45583 63135 25911 50348 86182 75586 33019 44035 22353 52442 43156 42608 52999 34945 87800 78837 35850 38892 14567 58146 62394 44597 55206 78828 40392 28462 59327 49653 57417 26473 99475 56999 42571 27428 43388 64359 80680 83124 49832 66722 38023 71945 38844 62982
61282 19623 0 54262 90170 49929 31587 41492 69468 68575 22596 74308 32656 31692 61251 45336 41131 52346 21725 60607 45794 86934 48856 59446 33664 36487 24441 49434 35929 58368 53483 60448 54841 39996 75335 41711 55959 71253 55017 50106 86359 57675 37137 67058 57453 52421 77967 39110 42945 58734 44064 93225 32741 54330 43300 23447 25960 43512 45534 54960 100441 73211 52642 49212 41975 66208 40780 59744 33376 54568 84219 72690 16227 19269 34190 44207 43693 43890 54498 76453 55061 8839 73104 48946 56709 46097 79853 75229 37914 47051 62971 48796 76022 77721 54444 68562 57645 91568 58467 58324
49636 39592 54262 0 61360 52251 35524 65092 75455 59329 42566 29363 41936 35418 72062 59333 35012 59746 32536 31659 41737 53765 58287 75170 44476 50485 38438 28346 42306 19867 20314 36656 35471 45983 58651 51142 46220 77629 55902 53832 50211 26379 17124 54139 37441 35110 39794 39424 69969 61056 37946 72894 60112 33242 10962 39169 41683 80095 65247 21791 71631 75426 14468 29843 45911 33870 52073 14051 49098 61010 59244 64410 46651 34993 40402 23119 53671 11553 34486 72186 799 45422 40669 28932 24372 64702 82928 28442 38229 66765 65333 57351 58507 75382 21276 87559 9466 81982 59680 33941
67326 94404 90170 61360 0 75338 84489 89890 104281 82415 91430 53379 81371 84593 96064 81398 74446 74386 71970 71093 84539 104314 97721 114603 68477 89919 77873 89706 91827 81227 81673 76091 58557 74809 81737 90576 69306 77008 61059 103007 108399 65813 56558 68726 76875 91166 101153 75464 83968 84142 77379 117299 98640 86376 50397 78603 81117 47510 77251 83151 10272 75881 75828 52929 74100 73304 91508 75411 88532 68215 63480 18332 86085 74426 79836 84478 72017 50986 73919 72641 62158 82183 102028 68366 63807 104136 133284 54300 76659 75732 88419 97629 76052 89968 82635 92715 70825 104517 64837 73375
48035 30305 49929 52251 75338 0 18340 75248 73759 51894 27332 32030 37391 18445 65542 66757 50165 59745 49894 35254 59920 63911 59438 92527 37955 69851 70411 68137 74422 62327 53633 70739 28036 44286 43620 66295 6030 73213 41769 36859 83531 60462 51206 71350 71523 66546 64720 53234 75935 8804 53098 79936 75265 73033 45044 56528 59041 82096 56216 55111 85609 67991 39395 22407 28729 22137 67227 47371 66456 53574 92563 67078 62198 52350 38925 62909 54508 45634 68567 64750 53050 58768 83127 63014 42541 50831 116248 31109 52039 57734 13081 76601 87273 92592 54595 73425 42785 89249 45548 32973
29694 11964 31587 35524 84489 18340 0 65907 57689 70234 8990 45955 19050 105 62092 60092 51805 53081 46443 53595 56468 70357 41096 84128 34504 64118 52071 51410 63559 45649 36905 72180 46376 40835 51189 48186 24371 54873 23429 18518 66804 61904 43863 67898 64178 58173 46380 49784 62215 27145 54738 89486 57156 56306 46486 53076 55590 75100 37875 38384 74216 76771 21054 40748 10387 40477 49117 30644 63005 46910 75836 66872 43857 48899 20584 46182 68411 47077 61223 73530 36323 40428 65344 55670 59896 32491 99520 45034 48589 39393 31423 58261 86697 87185 37867 55084 26057 83910 27206 51314
46438 56619 41492 65092 89890 75248 65907 0 74293 35704 56971 55161 66605 65896 78738 8491 33851 15502 63090 53325 44947 70433 24865 91603 51151 17339 29386 68472 22785 45223 53967 81820 47212 44820 70392 17720 69217 58109 52704 84310 49515 72280 63024 57908 70695 51574 73265 38262 75069 84054 36784 72199 8750 73367 56862 64939 67453 71650 30708 52489 79618 49221 69818 52840 55520 79770 16789 60229 74869 21673 83372 90208 37599 60763 68139 63243 52508 57452 72576 52461 64292 50332 49113 67023 60612 33472 84798 56081 37067 29191 80458 7740 47632 36664 54929 44571 64815 76743 56482 51044
87384 64291 69468 75455 104281 73759 57689 74293 0 80837 61318 63893 51257 57584 63390 82786 40442 77050 47742 59917 45105 74323 63717 90375 35803 91633 87524 68951 59608 81744 72999 90187 56979 29472 80159 56572 67729 94932 81118 39170 101944 79909 63154 69197 77287 51731 102057 38420 87809 82564 43375 104139 65543 73847 64492 54375 56889 95301 83000 74477 114206 80408 76733 51352 68077 80663 57503 76315 64304 80911 83530 95552 79311 50198 52791 63723 59101 65083 80243 77168 76254 60628 87965 74962 67204 72323 135614 62972 37225 84518 65110 74654 75334 90441 73962 100707 71729 125790 84896 57635
82143 61319 68575 59329 82415 51894 70234 35704 80837 0 64292 55767 60487 70340 72620 27212 54739 20202 56972 52594 62178 75133 60571 96302 45033 36061 48108 75215 37643 60080 60711 94273 23858 51364 47038 53425 45862 46986 88409 88753 54214 59339 62417 78427 48011 68804 80191 58830 93275 60698 51807 76897 44456 79901 68579 63606 66119 99436 35407 61587 84317 31569 54866 29485 80622 61968 52494 54449 73534 26372 99642 90815 56321 59428 62021 69988 66198 69169 45056 28329 60128 69858 61554 50609 59881 69177 103519 56688 57956 33890 64975 43444 50852 72369 61673 80276 49864 81442 92187 50312
38685 2973 22596 42566 91430 27332 8990 56971 61318 64292 0 54946 10059 9095 53100 51102 42814 44090 37452 61731 47477 71645 32105 80085 25514 55127 43079 60400 54568 54640 45896 66728 46689 31844 52738 39250 33363 63863 32419 27509 75794 55409 34872 58907 55187 54104 55371 40793 65543 36137 45747 95612 48221 65297 41033 44086 46599 66109 28885 47374 83207 72612 30045 41061 19379 49469 40181 39634 54015 37919 84826 75863 34867 39908 11593 55173 59420 41623 52232 75853 43365 31436 56353 46679 54443 23499 98492 54025 39598 30402 40413 64711 77706 80150 46858 63748 35048 74920 35870 60007
66540 57920 74308 29363 53379 32030 45955 55161 63893 55767 54946 0 65006 45850 83411 46668 64377 53680 61901 55224 58639 64196 75129 87974 55823 37820 49867 45250 52733 30295 30746 66020 45904 62155 69084 67983 25999 88057 69384 64264 60643 55743 46488 83503 66804 52014 50225 67714 80401 40835 67310 83327 63911 50145 40326 57518 57185 64224 68886 32224 63651 85858 24900 40275 56343 42106 67052 24483 75801 59850 69675 35047 58080 61696 66540 40021 59055 40916 63849 82617 30163 72125 51096 58297 53736 78446 93360 920 66519 67368 45113 62900 85810 91825 31708 99733 19897 92414 72987 52941
48746 13034 32656 41936 81371 37391 19050 66605 51257 60487 10059 65006 0 19155 43040 61162 32755 54150 27392 51670 37417 80886 42165 70025 15454 65186 53140 60013 51920 61804 55957 56667 36630 21784 42678 48884 43423 73924 42480 37569 85854 45349 24811 48847 45127 44043 65430 30732 67459 46196 35688 85552 57854 64909 30974 34025 36540 74951 38945 57434 91642 72720 40105 31002 29439 53881 49815 49694 43955 47979 75842 85924 44926 29848 1533 54786 49360 31564 42172 69480 42735 40278 66413 36620 44383 33559 108551 64085 29538 40463 44761 66966 67645 70090 55505 73808 45109 84980 45930 49947
29800 12070 31692 35418 84593 18445 105 65896 57584 70340 9095 45850 19155 0 62196 60197 51910 53187 46549 53700 56573 70251 41201 84023 34609 64222 52175 51305 63665 45544 36800 72075 46481 40940 51084 48291 24476 54978 23533 18413 66698 61799 43967 68003 64283 58069 46274 49889 62320 27250 54843 89381 57261 56200 46381 53181 55696 75205 37980 38279 74321 76876 20949 40853 10493 40582 49222 30538 63111 47015 75731 66768 43962 49005 20689 46076 68517 46972 61328 73635 36217 40533 65450 55775 59791 32595 99415 44929 48693 39498 31527 58155 86801 87081 37762 55189 25952 84016 27311 51418
91786 56074 61251 72062 96064 65542 62092 78738 63390 72620 53100 83411 43040 62196 0 87230 44887 80472 39525 64363 49550 93019 68162 82158 27586 96078 85693 72146 64053 83104 74360 86794 48763 33917 71943 61018 59512 99377 85521 80610 104258 75476 54938 60980 75253 56176 93840 42865 79592 74347 47820 115678 69987 77043 61099 46159 48672 87084 81986 75838 105988 84853 68515 43134 72480 72447 61948 68098 56087 74301 87975 99997 77479 41981 44574 66919 61493 61689 72299 81612 72861 52411 92410 66746 71649 76600 136976 82489 41671 81819 56893 79099 79778 82223 75322 105151 63512 117573 82905 62080
54931 48127 45336 59333 81398 66757 60092 8491 82786 27212 51102 46668 61162 60197 87230 0 42343 7010 67061 61817 48987 61941 33357 83111 59644 8848 20895 70137 24451 46889 55634 73328 38720 53313 61900 26213 60725 59776 61196 78611 41023 63787 54532 66400 67040 55613 74932 45640 66576 75561 45275 63707 17243 73475 48370 68782 71297 80141 22216 54155 71125 57713 69729 44348 64011 71278 25282 61895 78711 13181 87413 81715 29107 64606 62696 64909 61000 48960 64084 55541 60133 54175 48363 58532 61780 41963 76307 47589 45559 20698 79838 16231 39140 45157 56596 53063 64726 68251 64974 59536
56232 45789 41131 35012 74446 50165 51805 33851 40442 54739 42814 64377 32755 51910 44887 42343 0 43041 29239 19475 11096 48131 23275 71873 17300 51190 51525 34942 25599 47734 38990 49744 38476 10970 61657 16129 44134 60924 55047 70325 62213 39466 30211 50694 36845 17723 74806 4411 60155 58970 2933 83179 25100 39838 24049 35872 38386 66316 48991 40468 80403 46399 49481 32849 53929 46957 17060 45252 45801 46902 49521 61543 45302 31695 34288 29714 18657 24640 39799 43158 35812 32292 47522 42019 26761 31880 101025 63455 3217 50510 46607 40645 41324 69570 39952 60263 44479 95026 58824 17192
61941 41117 52346 59746 74386 59745 53081 15502 77050 20202 44090 53680 54150 53187 80472 7010 43041 0 64824 60446 41976 54930 40369 76100 52886 15858 27906 63126 17440 39878 48623 80339 31709 47577 54890 33223 53715 52764 68207 71600 34012 60250 61543 73410 60028 48603 67921 38629 73587 68550 45973 56695 24253 66463 55381 71457 73971 87152 15205 47144 64114 51771 62719 37337 63469 69820 32292 54884 81386 6170 80401 88726 36118 67281 55684 57898 61698 55971 57073 48530 58947 61186 41352 51521 67733 48974 83317 54601 39823 13688 72828 23242 46152 52167 49584 60074 57715 61240 71986 58164
53423 40426 21725 32536 71970 49894 46443 63090 47742 56972 37452 61901 27392 46549 39525 67061 29239 64824 0 42270 33903 70119 52514 42632 11938 58213 46166 32620 48405 45413 36668 47267 33114 18270 56294 45370 43863 83729 47157 64962 79090 35950 15411 45332 35727 39384 72331 27217 40066 58700 32172 76152 54339 37516 21573 6632 9146 47558 63534 38146 82242 69205 47005 27486 56831 44481 46300 42930 16561 58653 72327 76736 37953 2456 28927 27393 21968 22163 32772 65964 33335 12885 62627 27219 34984 60952 99283 60979 26022 65052 41245 63451 64130 66575 37630 71257 42002 98337 43379 44552
75707 64705 60607 31659 71093 35254 53595 53325 59917 52594 61731 55224 51670 53700 64363 61817 19475 60446 42270 0 30572 33220 42750 84903 36775 60219 48172 54418 45075 49505 51974 45210 28736 30445 51916 35604 29223 46897 74521 72114 81687 34933 26858 70170 47174 37197 71453 23886 40680 44059 22407 87599 44575 55495 20696 48904 51417 51406 63310 53451 81365 65875 46128 23108 63983 43604 36536 45711 58832 54275 57368 80584 56385 44726 50136 49189 38132 20106 44219 62634 32459 51766 66997 38666 7286 51355 103585 54302 22691 61793 48336 60120 60799 89045 52935 79739 41125 97547 78300 2281
45135 50452 45794 41737 84539 59920 56468 44947 45105 62178 47477 58639 37417 56573 49550 48987 11096 41976 33903 30572 0 59228 34372 76535 21964 57835 58177 23845 30262 36638 27893 60841 43139 15633 66320 27226 53888 65587 51401 69281 70315 49303 41309 55357 47941 6625 69069 9075 71060 68725 14029 92998 36196 28741 35146 39377 43049 71627 37895 29371 91501 51062 43744 37512 64443 58055 28157 34155 50464 35805 38424 66206 49964 36359 38951 18617 29755 35736 50896 47821 42535 36954 53852 53116 37858 42977 90508 57718 7879 39412 51270 45308 30227 74234 28855 71360 38741 83929 55179 28290
69244 68671 86934 53765 104314 63911 70357 70433 74323 75133 71645 64196 80886 70251 93019 61941 48131 54930 70119 33220 59228 0 71406 107840 65432 70789 81393 47955 61676 39238 33451 78431 57393 59101 80574 64262 57880 75554 75510 71882 75872 68155 60079 98826 80396 54718 74626 52543 73901 72717 51064 98555 73232 52850 53917 63486 74354 80062 42760 31973 106703 94531 49301 51766 80744 73986 65192 39713 81769 48759 72380 99243 81378 67663 82421 42727 66789 53327 77441 91291 54563 78093 60039 71887 40508 80012 93109 63275 51349 41243 76993 76722 89456 105647 34412 107166 44298 86621 79288 30938
53802 35080 48856 58287 97721 59438 41096 24865 63717 60571 32105 75129 42165 41201 68162 33357 23275 40369 52514 42750 34372 71406 0 95147 40576 42205 54252 58218 47651 45048 53792 73018 61752 34244 84844 7144 65468 62406 56638 59615 74381 53105 53486 73969 52884 40997 87476 27686 83431 61522 26207 93309 16114 49359 47325 59147 61662 89591 55575 52314 103678 40506 62151 56123 44943 70232 8076 60054 69076 46539 72797 84818 54259 54970 43699 52990 41932 47915 49928 43748 59086 55566 24248 44376 50036 8605 92040 76049 26491 54057 69882 32606 64599 61530 54754 51278 64640 101609 52860 40468
89998 79069 59446 75170 114603 92527 84128 91603 90375 96302 80085 87974 70025 84023 82158 83111 71873 76100 42632 84903 76535 107840 95147 0 54572 91959 83887 70342 88228 83133 74389 89900 75747 60902 98927 88002 86497 123552 83732 102437 108823 53083 58044 82927 70321 77105 37748 69850 77788 101332 74805 110746 92188 73645 64206 44354 46867 85279 91306 75867 124875 111838 63073 70119 94516 87114 88933 72662 54282 82271 113319 114457 75674 40176 71559 65113 64600 64796 67366 108598 75968 50606 98756 61813 77617 97583 137005 87053 68655 89788 83879 99344 106763 104170 75352 107832 68076 136059 79954 87186
64199 28487 33664 44476 68477 37955 34504 51151 35803 45033 25514 55823 15454 34609 27586 59644 17300 52886 11938 36775 21964 65432 40576 54572 0 68491 58105 44560 36467 55517 46774 59206 21175 6331 44355 33430 31924 71790 57933 53023 76671 47888 27351 33393 47666 28589 66254 15278 52006 46760 20233 88091 42400 49456 33512 18571 21085 59497 54399 48251 78401 57266 40928 15547 44892 44859 34361 40511 28500 46714 60388 72410 49892 14394 16987 39331 33907 34102 44711 54026 45274 24824 64823 39159 44063 49013 109389 54903 14083 54231 29306 51512 52191 54637 47735 77565 35925 89985 55318 34493
63778 56110 36487 50485 89919 69851 64118 17339 91633 36061 55127 37820 65186 64222 96078 8848 51190 15858 58213 60219 57835 70789 42205 91959 68491 0 12046 78832 33300 55737 64481 64480 47569 62161 70748 35060 63821 68623 70045 82636 49871 54939 45685 75247 66000 64461 83779 54488 57728 78656 54123 56738 26090 68630 39523 59935 62448 80000 31064 63004 79974 66561 62721 53196 72859 62430 34129 62304 69863 22029 96260 72867 20260 55757 66720 73604 69849 40113 63046 64389 51284 45328 57211 57493 52933 50812 67459 38741 54408 29546 82934 25079 47988 54005 65443 61911 57718 77099 73822 62502
75825 44063 24441 38438 77873 70411 52071 29386 87524 48108 43079 49867 53140 52175 85693 20895 51525 27906 46166 48172 58177 81393 54252 83887 58105 12046 0 66786 27914 50352 58752 52434 59616 58050 82796 47108 66489 63238 75499 70589 61919 42892 33637 74523 53954 64804 78232 49103 67387 79216 54458 68784 38137 56583 27475 47887 50401 67953 43111 57619 88145 78608 52907 65244 62459 50383 46176 52490 57816 34076 90967 84914 8212 43710 54673 61558 68134 28065 50998 76436 39237 33280 69258 45445 40885 62858 55411 50788 50297 41593 83493 24356 60035 53280 59714 73958 47904 89146 78950 50454
31745 63374 49434 28346 89706 68137 51410 68472 68951 75215 60400 45250 60013 51305 72146 70137 34942 63126 32620 54418 23845 47955 58218 70342 44560 78832 66786 0 45685 23247 14503 65003 51357 39478 74537 51072 62106 81009 38011 55891 56925 35913 37067 77953 53151 17219 55679 32920 67776 76835 37876 79609 60043 15352 39309 25988 36856 75267 61740 15981 88799 74908 30354 45729 51052 62218 52003 20765 44271 59652 53433 80297 65388 30165 60346 5227 53600 39900 50196 71668 29146 40594 40462 44643 52719 66823 77118 44328 31726 63259 73866 60731 54074 89656 15465 69667 25351 76172 41789 52135
66975 55552 35929 42306 91827 74422 63559 22785 59608 37643 54568 52733 51920 63665 64053 24451 25599 17440 48405 45075 30262 61676 47651 88228 36467 33300 27914 45685 0 22437 31182 63922 49150 30135 72330 40506 68391 35323 73241 69613 51453 65066 55811 65214 62444 36888 50479 21187 78876 83227 28532 74136 31536 50581 49650 55038 57553 79442 32646 29703 81555 57222 47033 52015 73947 72558 39575 37443 64967 23612 68688 78319 19702 50862 53454 40457 44257 50240 65400 53981 41507 44769 43238 67619 52361 56257 83326 53655 22383 31128 65773 15045 60490 43971 32143 67357 42030 78681 77020 42792
44537 57614 58368 19867 81227 62327 45649 45223 81744 60080 54640 30295 61804 45544 83104 46889 47734 39878 45413 49505 36638 39238 45048 83133 55517 55737 50352 23247 22437 0 8743 56524 45598 52270 68777 52194 56296 57761 50803 47175 51165 46247 36992 74008 57308 30011 49920 43625 70923 71076 50667 73848 53974 28144 30830 38779 49647 88059 55084 7265 91500 79660 24595 39969 56037 53738 53124 15005 57062 46050 47673 65342 42139 42956 60270 18019 66393 31420 54354 76419 19068 53386 20800 48800 44240 53655 68402 31216 44518 53567 75408 37483 66865 66408 9705 82460 19591 70413 54581 47224
35793 48871 53483 20314 81673 53633 36905 53967 72999 60711 45896 30746 55957 36800 74360 55634 38990 48623 36668 51974 27893 33451 53792 74389 46774 64481 58752 14503 31182 8743 0 56970 36853 43526 60033 55120 47602 66506 42060 41387 42421 39962 37439 74453 52385 21268 41175 36968 62180 62331 41923 65104 62718 19399 31277 30035 40903 79315 63828 1477 91945 76808 15850 31225 47293 54184 56052 6261 48318 54793 38930 65792 50883 34212 54933 9275 57648 31866 49430 73567 21112 44642 29544 43877 44686 62399 62614 29824 35774 62311 66715 46227 58121 75152 961 73715 10847 61668 45837 50791
55663 69701 60448 36656 76091 70739 72180 81820 90187 94273 66728 66020 56667 72075 86794 73328 49744 80339 47267 45210 60841 78431 73018 89900 59206 64480 52434 65003 63922 56524 56970 0 72128 60713 95308 65873 64708 92108 49398 90489 86868 39930 31855 90796 52171 67466 76450 54155 85891 79482 52676 92597 74844 60492 25693 53900 56414 94827 79979 58448 86362 96143 51125 66500 62439 48601 66805 50708 63830 86511 88005 94424 44220 49723 55133 59776 68401 25104 49216 92902 37455 60153 77325 43664 37923 66140 107845 65099 52960 81497 83820 76789 72058 101618 57932 73497 46122 118639 45619 47492
72647 49663 54841 35471 58557 28036 46376 47212 56979 23858 46689 45904 36630 46481 48763 38720 38476 31709 33114 28736 43139 57393 61752 75747 21175 47569 59616 51357 49150 45598 36853 72128 0 27506 23179 54606 22004 55372 69805 64896 65722 61851 48527 54569 68842 49765 56333 36454 69418 36840 41409 88405 55963 56253 46434 39747 42262 75578 34573 38331 68830 39954 31008 5627 56765 38110 55538 30592 49677 25538 75783 76890 67828 35570 38163 46129 55083 47025 65887 36713 36271 46000 66398 60334 36023 70190 99468 44982 35260 33055 41118 54952 59238 75812 37816 91785 26005 68809 73583 26454
60768 34818 39996 45983 74809 44286 40835 44820 29472 51364 31844 62155 21784 40940 33917 53313 10970 47577 18270 30445 15633 59101 34244 60902 6331 62161 58050 39478 30135 52270 43526 60713 27506 0 50687 27099 38256 65459 64264 59354 72471 50437 33681 39724 47814 22258 72584 8947 58336 53091 13902 94149 36069 44374 35020 24902 27417 65828 53527 45004 84732 50936 47259 21879 51223 51190 28030 46842 34831 51438 54057 66079 49837 20725 23319 34251 29627 35610 50770 47694 46781 31156 58492 45489 37732 42850 106141 61233 7752 55045 35637 45181 45860 60967 44488 71233 42256 96317 61649 28162
80884 55712 75335 58651 81737 43620 51189 70392 80159 47038 52738 69084 42678 51084 71943 61900 61657 54890 56294 51916 66320 80574 84844 98927 44355 70748 82796 74537 72330 68777 60033 95308 23179 50687 0 77786 45185 78551 74618 69498 88903 85031 67490 77749 87806 72945 79513 59634 92597 52424 64589 111585 79143 79434 69614 62928 65441 98758 57754 61511 92009 63134 54188 28807 61578 61290 78717 53771 72857 48718 98964 100070 87606 58750 44212 69309 78263 70204 84852 59893 59450 69181 89578 79299 59203 76239 122648 68162 58439 56235 30537 78132 82417 98992 60995 106274 49185 45629 78396 49634
46657 42224 41711 51142 90576 66295 48186 17720 56572 53425 39250 67983 48884 48291 61018 26213 16129 33223 45370 35604 27226 64262 7144 88002 33430 35060 47108 51072 40506 52194 55120 65873 54606 27099 77786 0 60264 55260 49493 66705 67237 55596 46341 66825 52974 33852 87922 20541 76286 68667 19062 89919 8969 55969 40179 52002 54517 82446 48429 56598 96534 33361 65611 48978 37798 63087 930 61382 61932 39394 65651 77673 55320 47825 50419 45844 34787 40769 55930 36602 51942 48421 31392 51520 42891 15750 84895 68905 19346 46911 62737 25460 57454 54386 56083 44133 60609 94464 45715 33322
54066 36336 55959 46220 69306 6030 24371 69217 67729 45862 33363 25999 43423 24476 59512 60725 44134 53715 43863 29223 53888 57880 65468 86497 31924 63821 66489 62106 68391 56296 47602 64708 22004 38256 45185 60264 0 71557 47800 42890 77500 54430 45175 65318 65492 60514 67082 47203 69904 14836 47067 85967 69234 67003 39013 50496 53010 76066 56578 49080 79578 61959 41757 16377 34760 16105 61195 41340 60426 47543 86532 61046 68229 46319 44957 56878 60539 39603 62536 58718 47019 56749 77096 56983 36510 56862 110217 25078 46008 55060 19112 76958 81242 86561 48564 79456 36755 90814 51578 26942
84568 66837 71253 77629 77008 73213 54873 58109 94932 46986 63863 88057 73924 54978 99377 59776 60924 52764 83729 46897 65587 75554 62406 123552 71790 68623 63238 81009 35323 57761 66506 92108 55372 65459 78551 55260 71557 0 78301 73391 86777 81832 73756 100538 94072 72212 85803 56512 87578 82018 63856 109461 62368 80918 67594 90362 92876 93739 67971 65028 66736 21899 75927 60999 65260 78401 54329 72767 100291 58935 104012 95341 55025 86185 75458 75781 79581 67004 91117 18657 76831 80093 77601 85565 54184 71012 59911 88978 57706 66452 86295 50369 41181 79294 67468 98189 77353 114006 82080 44615
6266 35393 55017 55902 61059 41769 23429 52704 81118 88409 32419 69384 42480 23533 85521 61196 55047 68207 47157 74521 51401 75510 56638 83732 57933 70045 75499 38011 73241 50803 42060 49398 69805 64264 74618 49493 47800 78301 0 41947 84481 44103 62569 61127 61341 44775 45983 59458 64868 50574 57979 101766 43953 42908 59520 40524 51393 74349 61304 43537 50788 82855 44483 64177 13040 63906 50424 48322 58807 70339 80989 79392 67286 44701 44013 32783 69125 58930 58386 86097 56701 55131 68019 52833 71751 55919 104674 68463 58263 62822 54852 60444 81629 82370 43021 31655 49486 103728 3778 72240
48213 30483 50106 53832 103007 36859 18518 84310 39170 88753 27509 64264 37569 18413 80610 78611 70325 71600 64962 72114 69281 71882 59615 102437 53023 82636 70589 55891 69613 47175 41387 90489 64896 59354 69498 66705 42890 73391 41947 0 83809 80212 62381 86418 82697 62655 64689 68302 80735 45664 73257 106492 75675 60787 64795 71423 74109 93620 56394 39909 92735 95291 39364 59267 28906 58996 67636 47649 63791 65430 80317 85181 62376 67418 39104 50664 86930 65385 79742 92049 54631 58946 67977 74189 78205 51009 101046 63343 67107 57912 49941 76569 99510 105494 42350 73604 44366 102429 45725 69832
78216 75129 86359 50211 108399 83531 66804 49515 101944 54214 75794 60643 85854 66698 104258 41023 62213 34012 79090 81687 70315 75872 74381 108823 76671 49871 61919 56925 51453 51165 42421 86868 65722 72471 88903 67237 77500 86777 84481 83809 0 76592 67336 104351 69018 63690 71073 65914 92078 92229 65145 22682 58266 61821 61175 72457 78033 121165 49218 43899 98127 85784 45748 61124 77191 84082 66305 36159 90740 40183 81351 95690 70132 76634 87388 51697 80870 61764 66062 82543 51011 87064 71966 71615 74584 82987 87832 59722 64718 47700 96614 57256 80165 86180 43383 94088 40745 95253 84663 79405
50369 58383 57675 26379 65813 60462 61904 72280 79909 59339 55409 55743 45349 61799 75476 63787 39466 60250 35950 34933 49303 68155 53105 53083 47888 54939 42892 35913 65066 46247 39962 39930 61851 50437 85031 55596 54430 81832 44103 80212 76592 0 20537 80519 17238 42678 66174 43878 75614 68163 42399 57662 64566 20561 15416 42582 45096 83509 45045 41439 76086 85866 40848 56223 57144 38324 56527 40431 52511 54079 77729 84147 51105 38406 43815 30685 35424 14826 14282 82625 27178 48835 45672 8729 27646 44499 98304 54823 42683 46562 73543 67248 60298 91341 40924 75759 35846 91079 47881 37215
66761 37845 37137 17124 56558 51206 43863 63024 63154 62417 34872 46488 24811 43967 54938 54532 30211 61543 15411 26858 41309 60079 53486 58044 27351 45685 33637 37067 55811 36992 37439 31855 48527 33681 67490 46341 45175 73756 62569 62381 67336 20537 0 60744 20316 47934 56918 34623 55478 47625 33145 60741 55311 41099 6161 22044 24559 62970 48122 38917 66830 76612 31594 42898 54250 29069 47272 31176 31973 57157 69654 74892 41850 17868 23278 40244 37379 6751 17360 73370 17923 28297 57794 11807 19571 47577 89049 45567 33429 49640 56658 57993 53706 78403 38401 86669 26590 94157 58791 29140
54861 61881 67058 54139 68726 71350 67898 57908 69197 78427 58907 83503 48847 68003 60980 66400 50694 73410 45332 70170 55357 98826 73969 82927 33393 75247 74523 77953 65214 74008 74453 90796 54569 39724 77749 66825 65318 100538 61127 86418 104351 80519 60744 0 81061 61983 93933 48673 85399 80154 53627 121486 66658 82849 65103 51966 54479 41327 87792 75931 78997 90660 68608 48941 74168 66595 67755 68191 61895 79582 93782 50392 82736 47789 50382 72726 67301 65692 78105 87419 54938 58218 94808 72552 77456 82407 129935 82582 47477 87098 62700 50167 85585 21242 75415 92783 63606 87554 64905 67887
67607 58162 57453 37441 76875 71523 64178 70695 77287 48011 55187 66804 45127 64283 75253 67040 36845 60028 35727 47174 47941 80396 52884 70321 47666 66000 53954 53151 62444 57308 52385 52171 68842 47814 87806 52974 65492 94072 61341 82697 69018 17238 20316 81061 0 54567 77234 41256 75794 67942 39778 46334 61944 37800 26478 42361 44875 83286 44822 53864 79933 79581 51909 63215 74382 49385 53906 51492 52289 53857 86367 95207 62166 38183 43593 47924 18186 27067 2954 76341 38239 48613 62910 8507 39888 44277 109365 65883 40061 46340 76973 77490 74022 98720 53347 92997 46906 90857 65119 49456
38509 57077 52421 35110 91166 66546 58173 51574 51731 68804 54104 52014 44043 58069 56176 55613 17723 48603 39384 37197 6625 54718 40997 77105 28589 64461 64804 17219 36888 30011 21268 67466 49765 22258 72945 33852 60514 72212 44775 62655 63690 42678 47934 61983 54567 0 62443 15701 74540 75350 20655 86373 42822 22115 41772 32751 43619 78253 44520 22745 95564 57689 37118 44138 57816 64681 34783 27529 51034 42431 44994 72832 56590 36928 45577 11991 36380 42362 56960 54447 35910 43580 47226 51407 44484 49603 83882 51092 14506 46038 57896 51934 36854 80859 22230 76431 32115 82936 48553 34915
52250 58344 77967 39794 101153 64720 46380 73265 102057 80191 55371 50225 65430 46274 93840 74932 74806 67921 72331 71453 69069 74626 87476 37748 66254 83779 78232 55679 50479 49920 41175 76450 56333 72584 79513 87922 67082 85803 45983 64689 71073 66174 56918 93933 77234 62443 0 71668 90832 73525 77739 93756 82016 60575 50757 71211 67615 114451 83126 42653 96771 96288 25324 50705 56767 73664 88852 34914 88412 74091 80105 85272 70182 74306 66964 50451 93464 51346 74279 93047 40593 84737 70720 68727 64167 78871 103791 49304 72862 81608 77802 65525 98301 94450 42137 70083 30327 102844 42206 70272
54210 43766 39110 39424 75464 53234 49784 38262 38420 58830 40793 67714 30732 49889 42865 45640 4411 38629 27217 23886 9075 52543 27686 69850 15278 54488 49103 32920 21187 43625 36968 54155 36454 8947 59634 20541 47203 56512 59458 68302 65914 43878 34623 48673 41256 15701 71668 0 64376 62039 7344 87591 29511 37816 28462 33850 36365 64943 46969 38447 84816 44377 52819 30826 58340 51369 21472 43230 43780 44799 47499 57131 40889 29673 32266 27692 23069 29051 44211 41136 40224 30269 51934 46431 31173 36292 99583 66793 1194 48488 44585 36233 39303 65158 37930 64676 47816 93005 63237 21604
71135 62568 42945 69969 83968 75935 62215 75069 87809 93275 65543 80401 67459 62320 79592 66576 60155 73587 40066 40680 71060 73901 83431 77788 52006 57728 67387 67776 78876 70923 62180 85891 69418 58336 92597 76286 69904 87578 64868 80735 92078 75614 55478 85399 75794 74540 90832 64376 0 84740 63088 114467 75687 72671 61377 41788 30919 68779 88479 63657 94239 106363 65506 63789 51827 84285 77216 55917 51717 79758 98050 65634 59173 37610 68994 62547 62034 60788 72839 103122 70768 34105 91724 67287 47967 89042 122799 79481 63180 87275 81312 82809 101288 106642 63141 96525 60503 123848 68647 42962
56840 39110 58734 61056 84142 8804 27145 84054 82564 60698 36137 40835 46196 27250 74347 75561 58970 68550 58700 44059 68725 72717 61522 101332 46760 78656 79216 76835 83227 71076 62331 79482 36840 53091 52424 68667 14836 82018 50574 45664 92229 68163 47625 80154 67942 75350 73525 62039 84740 0 61903 88741 77638 81731 53787 65332 67846 90901 65022 63809 94414 76796 48200 31212 37533 30942 69598 56069 75261 62380 101262 75883 71004 61155 47730 71607 63313 54377 64986 73554 61855 67573 85770 59433 51347 52916 124947 39914 60844 66539 21886 85407 96079 101397 63294 82231 51590 98054 54352 41777
59165 48721 44064 37946 77379 53098 54738 36784 43375 51807 45747 67310 35688 54843 47820 45275 2933 45973 32172 22407 14029 51064 26207 74805 20233 54123 54458 37876 28532 50667 41923 52676 41409 13902 64589 19062 47067 63856 57979 73257 65145 42399 33145 53627 39778 20655 77739 7344 63088 61903 0 86112 28032 42771 26982 38806 41319 69249 51924 43401 83336 49332 52414 35781 56861 49890 19994 48185 48735 49836 52454 64477 48234 34628 37222 32648 21590 27573 42733 46091 38744 35224 50455 44952 29694 34033 103958 66388 6149 53442 49541 43578 44257 72503 42885 63197 47411 97959 61758 20126
100898 97812 93225 72894 117299 79936 89486 72199 104139 76897 95612 83327 85552 89381 115678 63707 83179 56695 76152 87599 92998 98555 93309 110746 88091 56738 68784 79609 74136 73848 65104 92597 88405 94149 111585 89919 85967 109461 101766 106492 22682 57662 60741 121486 46334 86373 93756 87591 114467 88741 86112 0 80950 78224 66902 82786 85299 123711 71901 66582 120810 108467 68431 83807 99874 89810 88988 58842 92715 62867 69207 118373 76997 78608 84018 74380 64522 67493 43380 105226 73693 89039 94650 48933 80312 84703 110514 82405 86396 70384 93018 79938 102847 108863 66066 116770 63428 117936 105544 89881
37687 51194 32741 60112 98640 75265 57156 8750 65543 44456 48221 63911 57854 57261 69987 17243 25100 24253 54339 44575 36196 73232 16114 92188 42400 26090 38137 60043 31536 53974 62718 74844 55963 36069 79143 8969 69234 62368 43953 75675 58266 64566 55311 66658 61944 42822 82016 29511 75687 77638 28032 80950 0 64938 49149 56188 58702 76254 39459 61241 88369 40470 74581 57949 46768 72058 8039 68981 66117 30424 74622 86643 46350 52011 59389 54815 43758 49739 64899 43710 60912 41582 40362 60491 51862 24720 93549 64832 28316 37942 71707 16491 56383 45415 63680 35820 69578 85495 47731 42292
36641 68270 54330 33242 86376 73033 56306 73367 73847 79901 65297 50145 64909 56200 77043 73475 39838 66463 37516 55495 28741 52850 49359 73645 49456 68630 56583 15352 50581 28144 19399 60492 56253 44374 79434 55969 67003 80918 42908 60787 61821 20561 41099 82849 37800 22115 60575 37816 72671 81731 42771 78224 64938 0 35978 30883 41751 80163 65606 20877 93696 65500 35251 50625 55948 58886 56899 25661 49166 64547 58329 85192 64796 35060 64378 10123 55986 35388 34845 62259 34041 45490 25111 29292 48209 57964 82015 49224 36622 67125 78763 65628 39736 94552 20361 74563 30247 81068 46685 57031
60600 44008 43300 10962 50397 45044 46486 56862 64492 68579 41033 40326 30974 46381 61099 48370 24049 55381 21573 20696 35146 53917 47325 64206 33512 39523 27475 39309 49650 30830 31277 25693 46434 35020 69614 40179 39013 67594 59520 64795 61175 15416 6161 65103 26478 41772 50757 28462 61377 53787 26982 66902 49149 35978 0 28207 30720 69132 54284 32754 60668 70449 25431 40806 56874 22907 41110 25014 38136 61552 63491 68729 35688 24029 29439 34081 42707 589 23522 67209 11761 34460 51631 17970 13410 53739 82887 39405 27266 55803 58126 51831 47544 77104 32238 84313 20428 92945 61411 22978
46790 43069 23447 39169 78603 56528 53076 64939 54375 63606 44086 57518 34025 53181 46159 68782 35872 71457 6632 48904 39377 63486 59147 44354 18571 59935 47887 25988 55038 38779 30035 53900 39747 24902 62928 52002 50496 90362 40524 71423 72457 42582 22044 51966 42361 32751 71211 33850 41788 65332 38806 82786 56188 30883 28207 0 10867 49279 68980 31513 88875 75838 45886 34120 53565 51114 52933 36297 18282 65286 68965 78458 39675 4176 35559 20759 28600 28796 39405 72597 39968 14606 55995 33852 41616 67585 92651 58439 32656 70498 47879 70084 69605 73209 30997 64625 40883 91704 36746 51185
57658 45583 25960 41683 81117 59041 55590 67453 56889 66119 46599 57185 36540 55696 48672 71297 38386 73971 9146 51417 43049 74354 61662 46867 21085 62448 50401 36856 57553 49647 40903 56414 42262 27417 65441 54517 53010 92876 51393 74109 78033 45096 24559 54479 44875 43619 67615 36365 30919 67846 41319 85299 58702 41751 30720 10867 0 51794 71494 42381 91390 78352 42291 36633 64434 53628 55447 41873 20796 67800 79833 80971 42189 6690 38073 31628 31114 31310 41919 75111 42483 17120 66862 36366 44130 70099 103518 56264 35169 73012 50392 72598 73277 75722 41865 75492 37288 102572 47614 53699
68083 63135 43512 80095 47510 82096 75100 71650 95301 99436 66109 64224 74951 75205 87084 80141 66316 87152 47558 51406 71627 80062 89591 85279 59497 80000 67953 75267 79442 88059 79315 94827 75578 65828 98758 82446 76066 93739 74349 93620 121165 83509 62970 41327 83286 78253 114451 64943 68779 90901 69249 123711 76254 80163 69132 49279 51794 0 80946 80793 57782 106930 89125 69950 85489 92040 83378 85577 59208 86945 108775 29177 59740 45102 76485 70039 69526 69722 80331 103690 80895 34672 105274 74778 58693 89609 123365 65145 63748 79428 88804 79389 101855 62570 80277 106006 84122 126981 78127 49123
67570 25911 45534 65247 77251 56216 37875 30708 83000 35407 28885 68886 38945 37980 81986 22216 48991 15205 63534 63310 37895 42760 55575 91306 54399 31064 43111 61740 32646 55084 63828 79979 34573 53527 57754 48429 56578 67971 61304 56394 49218 45045 48122 87792 44822 44520 83126 46969 88479 65022 51924 71901 39459 65606 54284 68980 71494 80946 0 62350 66978 66977 58930 40201 48263 72684 47498 65165 78909 9034 76319 95583 51324 64803 40478 56512 63009 54875 41867 63737 66047 54373 56559 36314 67694 52385 98523 69806 45774 1517 69298 38448 61357 67373 64790 75281 60579 46034 64755 61028
37271 50348 54960 21791 83151 55111 38384 52489 74477 61587 47374 32224 57434 38279 75838 54155 40468 47144 38146 53451 29371 31973 52314 75867 48251 63004 57619 15981 29703 7265 1477 58448 38331 45004 61511 56598 49080 65028 43537 39909 43899 41439 38917 75931 53864 22745 42653 38447 63657 63809 43401 66582 61241 20877 32754 31513 42381 80793 62350 0 93424 78286 17328 32703 48772 55663 57529 7739 49796 53316 40408 67271 49405 35690 56411 10753 59127 33344 50908 75045 22591 46120 28066 45355 46164 60921 61136 31302 37251 60832 68194 44750 59599 73674 2440 75193 12325 63147 47315 52269
57053 86182 100441 71631 10272 85609 74216 79618 114206 84317 83207 63651 91642 74321 105988 71125 80403 64114 82242 81365 91501 106703 103678 124875 78401 79974 88145 88799 81555 91500 91945 86362 68830 84732 92009 96534 79578 66736 50788 92735 98127 76086 66830 78997 79933 95564 96771 84816 94239 94414 83336 120810 88369 93696 60668 88875 91390 57782 66978 93424 0 65609 86101 63201 63828 83576 96407 85683 98805 57943 73752 28604 96357 84698 90108 83571 61745 61258 82887 62368 72430 92456 105467 78638 74078 106707 126647 64572 83621 65460 98691 87357 84892 93168 92907 82443 81097 113014 54566 83648
78157 75586 73211 75426 75881 67991 76771 49221 80408 31569 72612 85858 72720 76876 84853 57713 46399 51771 69205 65875 51062 94531 40506 111838 57266 66561 78608 74908 57222 79660 76808 96143 39954 50936 63134 33361 61959 21899 82855 95291 85784 85866 76612 90660 79581 57689 96288 44377 106363 76796 49332 108467 40470 65500 70449 75838 78352 106930 66977 78286 65609 0 70963 45582 71160 56502 32431 70546 85767 57942 89487 94214 76924 71661 74254 69680 65058 71040 76626 3240 76226 72257 62183 82179 73161 49112 81810 84937 43183 65460 81073 56960 25764 85886 77771 76290 65960 108764 79077 63592
50749 33019 52642 14468 75828 39395 21054 69818 76733 54866 30045 24900 40105 20949 68515 69729 49481 62719 47005 46128 43744 49301 62151 63073 40928 62721 52907 30354 47033 24595 15850 51125 31008 47259 54188 65611 41757 75927 44483 39364 45748 40848 31594 68608 51909 37118 25324 52819 65506 48200 52414 68431 74581 35251 25431 45886 42291 89125 58930 17328 86101 70963 0 25380 31442 48339 66543 9588 63088 56547 54780 59947 61121 48981 41640 25126 68139 26021 48954 67723 15267 59411 45395 43401 38841 53545 78465 23979 51624 60448 52477 62078 72977 89852 16813 76140 5003 77519 48261 44947
67019 44035 49212 29843 52929 22407 40748 52840 51352 29485 41061 40275 31002 40853 43134 44348 32849 37337 27486 23108 37512 51766 56123 70119 15547 53196 65244 45729 52015 39969 31225 66500 5627 21879 28807 48978 16377 60999 64177 59267 61124 56223 42898 48941 63215 44138 50705 30826 63789 31212 35781 83807 57949 50625 40806 34120 36633 69950 40201 32703 63201 45582 25380 0 51136 32482 49909 24964 44048 31167 70155 71262 65440 29942 32536 40502 49454 41396 60259 42341 30642 40372 60771 54707 30396 64561 93840 39355 29631 38683 35490 60581 64865 70185 32187 93112 20377 74437 67955 20826
19306 22353 41975 45911 74100 28729 10387 55520 68077 80622 19379 56343 29439 10493 72480 64011 53929 63469 56831 63983 64443 80744 44943 94516 44892 72859 62459 51052 73947 56037 47293 62439 56765 51223 61578 37798 34760 65260 13040 28906 77191 57144 54250 74168 74382 57816 56767 58340 51827 37533 56861 99874 46768 55948 56874 53565 64434 85489 48263 48772 63828 71160 31442 51136 0 50865 38730 41032 71848 57298 80803 77261 54246 57742 30973 45824 72586 57465 71427 74401 46710 50816 69192 65874 70285 42878 109908 55423 57146 49781 41810 63259 94670 92185 48255 44696 36446 94298 16818 61701
70173 52442 66208 33870 73304 22137 40477 79770 80663 61968 49469 42106 53881 40582 72447 71278 46957 69820 44481 43604 58055 73986 70232 87114 44859 62430 50383 62218 72558 53738 54184 48601 38110 51190 61290 63087 16105 78401 63906 58996 84082 38324 29069 66595 49385 64681 73664 51369 84285 30942 49890 89810 72058 58886 22907 51114 53628 92040 72684 55663 83576 56502 48339 32482 50865 0 64018 47923 61044 63649 86399 77152 58596 46938 52347 56989 65615 23497 46430 59743 34669 57367 74539 40877 36317 72968 105796 41184 50174 71166 35219 74739 70452 87838 55146 95562 43337 106921 67684 43047
45726 43156 40780 52073 91508 67227 49117 16789 57503 52494 40181 67052 49815 49222 61948 25282 17060 32292 46300 36536 28157 65192 8076 88933 34361 34129 46176 52003 39575 53124 56052 66805 55538 28030 78717 930 61195 54329 50424 67636 66305 56527 47272 67755 53906 34783 88852 21472 77216 69598 19994 88988 8039 56899 41110 52933 55447 83378 47498 57529 96407 32431 66543 49909 38730 64018 0 62313 62862 38463 66583 78604 54389 48756 51350 46776 35718 41700 56861 35671 52872 49353 32323 52451 43822 16682 85826 67973 20278 45980 63668 24529 58196 53454 57013 43860 61539 93533 46646 34254
42055 42608 59744 14051 75411 47371 30644 60229 76315 54449 39634 24483 49694 30538 68098 61895 45252 54884 42930 45711 34155 39713 60054 72662 40511 62304 52490 20765 37443 15005 6261 50708 30592 46842 53771 61382 41340 72767 48322 47649 36159 40431 31176 68191 51492 27529 34914 43230 55917 56069 48185 58842 68981 25661 25014 36297 41873 85577 65165 7739 85683 70546 9588 24964 41032 47923 62313 0 54580 56130 45192 59530 57145 40475 51228 15537 63910 25605 48537 67305 14850 50904 35806 42984 38424 63134 68877 23562 42035 63648 60454 52489 64383 81414 7223 76380 4585 67930 48503 44529
65074 52999 33376 49098 88532 66456 63005 74869 64304 73534 54015 75801 43955 63111 56087 78711 45801 81386 16561 58832 50464 81769 69076 54282 28500 69863 57816 44271 64967 57062 48318 63830 49677 34831 72857 61932 60426 100291 58807 63791 90740 52511 31973 61895 52289 51034 88412 43780 51717 75261 48735 92715 66117 49166 38136 18282 20796 59208 78909 49796 98805 85767 63088 44048 71848 61044 62862 54580 0 75215 87248 88386 49603 14106 45488 39042 38530 38726 49334 82527 49898 24536 74278 43781 51545 77514 110933 76722 42584 80427 57807 80014 80692 83138 49280 82907 58084 109988 55029 61114
68113 34945 54568 61010 68215 53574 46910 21673 80911 26372 37919 59850 47979 47015 74301 13181 46902 6170 58653 54275 35805 48759 46539 82271 46714 22029 34076 59652 23612 46050 54793 86511 25538 51438 48718 39394 47543 58935 70339 65430 40183 54079 57157 79582 53857 42431 74091 44799 79758 62380 49836 62867 30424 64547 61552 65286 67800 86945 9034 53316 57943 57942 56547 31167 57298 63649 38463 56130 75215 0 74231 86548 42289 61110 49513 54424 65560 62142 50903 54701 61809 63408 47524 45350 61562 55146 89488 60772 43685 7517 66656 29413 52322 58339 55755 66245 51544 55069 73790 51993
74723 87800 84219 59244 63480 92563 75836 83372 83530 99642 84826 69675 75842 75731 87975 87413 49521 80401 72327 57368 38424 72380 72797 113319 60388 96260 90967 53433 68688 47673 38930 88005 75783 54057 98964 65651 86532 104012 80989 80317 81351 77729 69654 93782 86367 44994 80105 47499 98050 101262 52454 69207 74622 58329 63491 68965 79833 108775 76319 40408 73752 89487 54780 70155 80803 86399 66583 45192 87248 74231 0 81814 88389 73143 77377 48205 68180 62901 87014 86246 60042 75379 68475 81461 50081 81403 101544 68754 46304 77838 89695 83733 68652 112658 37968 109785 49777 100598 84767 59650
85658 78837 72690 64410 18332 67078 66872 90208 95552 90815 75863 35047 85924 66768 99997 81715 61543 88726 76736 80584 66206 99243 84818 114457 72410 72867 84914 80297 78319 65342 65792 94424 76890 66079 100070 77673 61046 95341 79392 85181 95690 84147 74892 50392 95207 72832 85272 57131 65634 75883 64477 118373 86643 85192 68729 78458 80971 29177 95583 67271 28604 94214 59947 71262 77261 77152 78604 59530 88386 86548 81814 0 88918 74281 87457 75068 80201 69319 92252 90973 65209 63850 86144 86699 82139 93424 128408 35968 58326 94066 80159 93365 94386 71635 66754 111048 54944 122849 83170 78301
73552 35850 16227 46651 86085 62198 43857 37599 79311 56321 34867 58080 44926 43962 77479 29107 45302 36118 37953 56385 49964 81378 54259 75674 49892 20260 8212 65388 19702 42139 50883 44220 67828 49837 87606 55320 68229 55025 67286 62376 70132 51105 41850 82736 62166 56590 70182 40889 59173 71004 48234 76997 46350 64796 35688 39675 42189 59740 51324 49405 96357 76924 61121 65440 54246 58596 54389 57145 49603 42289 88389 88918 0 35497 46460 60159 59921 36278 59211 73683 47450 25067 62940 53659 49099 58366 63625 59001 42084 49806 75280 32569 68248 61494 51845 82171 56117 97359 70737 58667
50968 38892 19269 34993 74426 52350 48899 60763 50198 59428 39908 61696 29848 49005 41981 64606 31695 67281 2456 44726 36359 67663 54970 40176 14394 55757 43710 30165 50862 42956 34212 49723 35570 20725 58750 47825 46319 86185 44701 67418 76634 38406 17868 47789 38183 36928 74306 29673 37610 61155 34628 78608 52011 35060 24029 4176 6690 45102 64803 35690 84698 71661 48981 29942 57742 46938 48756 40475 14106 61110 73143 74281 35497 0 31382 24936 24423 24620 35229 68420 35791 10429 60171 29675 37439 63408 96827 62616 28478 66321 43701 65907 66587 69032 35175 68802 43978 95881 40924 47009
50279 14567 34190 40402 79836 38925 20584 68139 52791 62021 11593 66540 1533 20689 44574 62696 34288 55684 28927 50136 38951 82421 43699 71559 16987 66720 54673 60346 53454 60270 54933 55133 38163 23319 44212 50419 44957 75458 44013 39104 87388 43815 23278 50382 43593 45577 66964 32266 68994 47730 37222 84018 59389 64378 29439 35559 38073 76485 40478 56411 90108 74254 41640 32536 30973 52347 51350 51228 45488 49513 77377 87457 46460 31382 0 56319 50894 30029 40638 71013 41201 41812 67948 35085 42849 35093 110085 65619 31072 41996 46294 68501 69179 71624 53971 75342 46642 86513 47464 51481
26517 58146 44207 23119 84478 62909 46182 63243 63723 69988 55173 40021 54786 46076 66919 64909 29714 57898 27393 49189 18617 42727 52990 65113 39331 73604 61558 5227 40457 18019 9275 59776 46129 34251 69309 45844 56878 75781 32783 50664 51697 30685 40244 72726 47924 11991 50451 27692 62547 71607 32648 74380 54815 10123 34081 20759 31628 70039 56512 10753 83571 69680 25126 40502 45824 56989 46776 15537 39042 54424 48205 75068 60159 24936 56319 0 48372 34672 44968 66439 23917 35366 35234 39415 47491 61595 71890 39100 26497 58031 68638 55503 48845 84429 10238 64439 20123 70945 36561 46907
74890 62394 43693 53671 72017 54508 68411 52508 59101 66198 59420 59055 49360 68517 61493 61000 18657 61698 21968 38132 29755 66789 41932 64600 33907 69849 68134 53600 44257 66393 57648 68401 55083 29627 78263 34787 60539 79581 69125 86930 80870 35424 37379 67301 18186 36380 93464 23069 62034 63313 21590 64522 43758 55986 42707 28600 31114 69526 63009 59127 61745 65058 68139 49454 72586 65615 35718 63910 38530 65560 68180 80201 59921 24423 50894 48372 0 43298 21141 61817 54469 34853 66181 26695 45419 50538 119684 58133 21874 64527 63213 59303 59982 88228 58610 78921 63136 109045 65348 35850
61189 44597 43890 11553 50986 45634 47077 57452 65083 69169 41623 40916 31564 46972 61689 48960 24640 55971 22163 20106 35736 53327 47915 64796 34102 40113 28065 39900 50240 31420 31866 25104 47025 35610 70204 40769 39603 67004 58930 65385 61764 14826 6751 65692 27067 42362 51346 29051 60788 54377 27573 67493 49739 35388 589 28796 31310 69722 54875 33344 61258 71040 26021 41396 57465 23497 41700 25605 38726 62142 62901 69319 36278 24620 30029 34672 43298 0 24112 67798 12351 35049 52221 18559 12819 54329 83477 39995 27856 56392 58716 52421 46955 76514 32828 84903 21018 93535 60820 22388
64653 55206 54498 34486 73919 68567 61223 72576 80243 45056 52232 63849 42172 61328 72299 64084 39799 57073 32772 44219 50896 77441 49928 67366 44711 63046 50998 50196 65400 54354 49430 49216 65887 50770 84852 55930 62536 91117 58386 79742 66062 14282 17360 78105 2954 56960 74279 44211 72839 64986 42733 43380 64899 34845 23522 39405 41919 80331 41867 50908 82887 76626 48954 60259 71427 46430 56861 48537 49334 50903 87014 92252 59211 35229 40638 44968 21141 24112 0 73385 35285 45658 59955 5552 36932 41322 106410 62929 43016 43385 74018 75354 71067 95764 50392 90042 43951 87902 62164 46501
81398 78828 76453 72186 72641 64750 73530 52461 77168 28329 75853 82617 69480 73635 81612 55541 43158 48530 65964 62634 47821 91291 43748 108598 54026 64389 76436 71668 53981 76419 73567 92902 36713 47694 59893 36602 58718 18657 86097 92049 82543 82625 73370 87419 76341 54447 93047 41136 103122 73554 46091 105226 43710 62259 67209 72597 75111 103690 63737 75045 62368 3240 67723 42341 74401 59743 35671 67305 82527 54701 86246 90973 73683 68420 71013 66439 61817 67798 73385 0 72984 69016 58942 78938 69921 52353 78569 81696 39941 62218 77831 60201 22523 89126 74530 79531 62719 105523 82318 60351
50435 40392 55061 799 62158 53050 36323 64292 76254 60128 43365 30163 42735 36217 72861 60133 35812 58947 33335 32459 42535 54563 59086 75968 45274 51284 39237 29146 41507 19068 21112 37455 36271 46781 59450 51942 47019 76831 56701 54631 51011 27178 17923 54938 38239 35910 40593 40224 70768 61855 38744 73693 60912 34041 11761 39968 42483 80895 66047 22591 72430 76226 15267 30642 46710 34669 52872 14850 49898 61809 60042 65209 47450 35791 41201 23917 54469 12351 35285 72984 0 46222 39869 29731 25172 65501 83727 29241 39029 67564 66132 56552 59306 76181 22075 88357 10265 82781 60479 34740
61397 28462 8839 45422 82183 58768 40428 50332 60628 69858 31436 72125 40278 40533 52411 54175 32292 61186 12885 51766 36954 78093 55566 50606 24824 45328 33280 40594 44769 53386 44642 60153 46000 31156 69181 48421 56749 80093 55131 58946 87064 48835 28297 58218 48613 43580 84737 30269 34105 67573 35224 89039 41582 45490 34460 14606 17120 34672 54373 46120 92456 72257 59411 40372 50816 57367 49353 50904 24536 63408 75379 63850 25067 10429 41812 35366 34853 35049 45658 69016 46222 0 70601 40105 47869 54936 88693 73047 29074 55891 54131 57636 67183 79461 45605 77402 54409 100409 51354 49484
61752 59327 73104 40669 102028 83127 65344 49113 87965 61554 56353 51096 66413 65450 92410 48363 47522 41352 62627 66997 53852 60039 24248 98756 64823 57211 69258 40462 43238 20800 29544 77325 66398 58492 89578 31392 77096 77601 68019 67977 71966 45672 57794 94808 62910 47226 70720 51934 91724 85770 50455 94650 40362 25111 51631 55995 66862 105274 56559 28066 105467 62183 45395 60771 69192 74539 32323 35806 74278 47524 68475 86144 62940 60171 67948 35234 66181 52221 59955 58942 39869 70601 0 54402 65041 32853 89203 52018 50739 55041 94130 56853 64847 85779 30506 70041 40393 86857 71796 64715
59100 49653 48946 28932 68366 63014 55670 67023 74962 50609 46679 58297 36620 55775 66746 58532 42019 51521 27219 38666 53116 71887 44376 61813 39159 57493 45445 44643 67619 48800 43877 43664 60334 45489 79299 51520 56983 85565 52833 74189 71615 8729 11807 72552 8507 51407 68727 46431 67287 59433 44952 48933 60491 29292 17970 33852 36366 74778 36314 45355 78638 82179 43401 54707 65874 40877 52451 42984 43781 45350 81461 86699 53659 29675 35085 39415 26695 18559 5552 78938 29731 40105 54402 0 31380 35769 100858 57376 45236 37833 68465 69802 65514 90211 44839 84489 38398 82350 56611 40948
74009 57417 56709 24372 63807 42541 59896 60612 67204 59881 54443 53736 44383 59791 71649 61780 26761 67733 34984 7286 37858 40508 50036 77617 44063 52933 40885 52719 52361 44240 44686 37923 36023 37732 59203 42891 36510 54184 71751 78205 74584 27646 19571 77456 39888 44484 64167 31173 47967 51347 29694 80312 51862 48209 13410 41616 44130 58693 67694 46164 74078 73161 38841 30396 70285 36317 43822 38424 51545 61562 50081 82139 49099 37439 42849 47491 45419 12819 36932 69921 25172 47869 65041 31380 0 58642 96298 52816 29978 69079 55623 65241 59775 89334 45648 87025 33838 104833 73640 9569
62186 26473 46097 64702 104136 50831 32491 33472 72323 69177 23499 78446 33559 32595 76600 41963 31880 48974 60952 51355 42977 80012 8605 97583 49013 50812 62858 66823 56257 53655 62399 66140 70190 42850 76239 15750 56862 71012 55919 51009 82987 44499 47577 82407 44277 49603 78871 36292 89042 52916 34033 84703 24720 57964 53739 67585 70099 89609 52385 60921 106707 49112 53545 64561 42878 72968 16682 63134 77514 55146 81403 93424 58366 63408 35093 61595 50538 54329 41322 52353 65501 54936 32853 35769 58642 0 100647 77526 35097 53902 63914 41211 73205 70137 63360 59884 58548 98419 59370 49074
98409 99475 79853 82928 133284 116248 99520 84798 135614 103519 98492 93360 108551 99415 136976 76307 101025 83317 99283 103585 90508 93109 92040 137005 109389 67459 55411 77118 83326 68402 62614 107845 99468 106141 122648 84895 110217 59911 104674 101046 87832 98304 89049 129935 109365 83882 103791 99583 122799 124947 103958 110514 93549 82015 82887 92651 103518 123365 98523 61136 126647 81810 78465 93840 109908 105796 85826 68877 110933 89488 101544 128408 63625 96827 110085 71890 119684 83477 106410 78569 83727 88693 89203 100858 96298 100647 0 92439 98389 97005 129330 79768 101093 108692 63576 129030 73463 124284 108452 104527
65618 56999 75229 28442 54300 31109 45034 56081 62972 56688 54025 920 64085 44929 82489 47589 63455 54601 60979 54302 57718 63275 76049 87053 54903 38741 50788 44328 53655 31216 29824 65099 44982 61233 68162 68905 25078 88978 68463 63343 59722 54823 45567 82582 65883 51092 49304 66793 79481 39914 66388 82405 64832 49224 39405 58439 56264 65145 69806 31302 64572 84937 23979 39355 55423 41184 67973 23562 76722 60772 68754 35968 59001 62616 65619 39100 58133 39995 62929 81696 29241 73047 52018 57376 52816 77526 92439 0 65599 68289 44191 63822 86730 92747 30786 99943 18976 91494 72066 52021
53015 42571 37914 38229 76659 52039 48589 37067 37225 57956 39598 66519 29538 48693 41671 45559 3217 39823 26022 22691 7879 51349 26491 68655 14083 54408 50297 31726 22383 44518 35774 52960 35260 7752 58439 19346 46008 57706 58263 67107 64718 42683 33429 47477 40061 14506 72862 1194 63180 60844 6149 86396 28316 36622 27266 32656 35169 63748 45774 37251 83621 43183 51624 29631 57146 50174 20278 42035 42584 43685 46304 58326 42084 28478 31072 26497 21874 27856 43016 39941 39029 29074 50739 45236 29978 35097 98389 65599 0 47292 43390 37428 38108 66354 36736 63480 46621 91810 62041 20410
69088 27428 47051 66765 75732 57734 39393 29191 84518 33890 30402 67368 40463 39498 81819 20698 50510 13688 65052 61793 39412 41243 54057 89788 54231 29546 41593 63259 31128 53567 62311 81497 33055 55045 56235 46911 55060 66452 62822 57912 47700 46562 49640 87098 46340 46038 81608 48488 87275 66539 53442 70384 37942 67125 55803 70498 73012 79428 1517 60832 65460 65460 60448 38683 49781 71166 45980 63648 80427 7517 77838 94066 49806 66321 41996 58031 64527 56392 43385 62218 67564 55891 55041 37833 69079 53902 97005 68289 47292 0 70816 36930 59840 65855 63272 73763 59061 47552 66273 59511
61118 43388 62971 65333 88419 13081 31423 80458 65110 64975 40413 45113 44761 31527 56893 79838 46607 72828 41245 48336 51270 76993 69882 83879 29306 82934 83493 73866 65773 75408 66715 83820 41118 35637 30537 62737 19112 86295 54852 49941 96614 73543 56658 62700 76973 57896 77802 44585 81312 21886 49541 93018 71707 78763 58126 47879 50392 88804 69298 68194 98691 81073 52477 35490 41810 35219 63668 60454 57807 66656 89695 80159 75280 43701 46294 68638 63213 58716 74018 77831 66132 54131 94130 68465 55623 63914 129330 44191 43390 70816 0 80819 81498 83944 67677 86508 55867 76167 58629 46054
54179 64359 48796 57351 97629 76601 58261 7740 74654 43444 64711 62900 66966 58155 79099 16231 40645 23242 63451 60120 45308 76722 32606 99344 51512 25079 24356 60731 15045 37483 46227 76789 54952 45181 78132 25460 76958 50369 60444 76569 57256 67248 57993 50167 77490 51934 65525 36233 82809 85407 43578 79938 16491 65628 51831 70084 72598 79389 38448 44750 87357 56960 62078 60581 63259 74739 24529 52489 80014 29413 83733 93365 32569 65907 68501 55503 59303 52421 75354 60201 56552 57636 56853 69802 65241 41211 79768 63822 37428 36930 80819 0 55373 28924 47189 52312 57076 84483 64222 57838
75363 80680 76022 58507 76052 87273 86697 47632 75334 50852 77706 85810 67645 86801 79778 39140 41324 46152 64130 60799 30227 89456 64599 106763 52191 47988 60035 54074 60490 66865 58121 72058 59238 45860 82417 57454 81242 41181 81629 99510 80165 60298 53706 85585 74022 36854 98301 39303 101288 96079 44257 102847 56383 39736 47544 69605 73277 101855 61357 59599 84892 25764 72977 64865 94670 70452 58196 64383 80692 52322 68652 94386 68248 66587 69179 48845 59982 46955 71067 22523 59306 67183 64847 65514 59775 73205 101093 86730 38108 59840 81498 55373 0 84297 59083 92204 67973 107392 85407 58517
76104 83124 77721 75382 89968 92592 87185 36664 90441 72369 80150 91825 70090 87081 82223 45157 69570 52167 66575 89045 74234 105647 61530 104170 54637 54005 53280 89656 43971 66408 75152 101618 75812 60967 98992 54386 86561 79294 82370 105494 86180 91341 78403 21242 98720 80859 94450 65158 106642 101397 72503 108863 45415 94552 77104 73209 75722 62570 67373 73674 93168 85886 89852 70185 92185 87838 53454 81414 83138 58339 112658 71635 61494 69032 71624 84429 88228 76514 95764 89126 76181 79461 85779 90211 89334 70137 108692 92747 66354 65855 83944 28924 84297 0 76115 81236 84848 108797 86148 86763
36755 49832 54444 21276 82635 54595 37867 54929 73962 61673 46858 31708 55505 37762 75322 56596 39952 49584 37630 52935 28855 34412 54754 75352 47735 65443 59714 15465 32143 9705 961 57932 37816 44488 60995 56083 48564 67468 43021 42350 43383 40924 38401 75415 53347 22230 42137 37930 63141 63294 42885 66066 63680 20361 32238 30997 41865 80277 64790 2440 92907 77771 16813 32187 48255 55146 57013 7223 49280 55755 37968 66754 51845 35175 53971 10238 58610 32828 50392 74530 22075 45605 30506 44839 45648 63360 63576 30786 36736 63272 67677 47189 59083 76115 0 74677 11809 62630 46800 51753
37921 66722 68562 87559 92715 73425 55084 44571 100707 80276 63748 99733 73808 55189 105151 53063 60263 60074 71257 79739 71360 107166 51278 107832 77565 61911 73958 69667 67357 82460 73715 73497 91785 71233 106274 44133 79456 98189 31655 73604 94088 75759 86669 92783 92997 76431 70083 64676 96525 82231 63197 116770 35820 74563 84313 64625 75492 106006 75281 75193 82443 76290 76140 93112 44696 95562 43860 76380 82907 66245 109785 111048 82171 68802 75342 64439 78921 84903 90042 79531 88357 77402 70041 84489 87025 59884 129030 99943 63480 73763 86508 52312 92204 81236 74677 0 80967 121315 27878 77456
46641 38023 57645 9466 70825 42785 26057 64815 71729 49864 35048 19897 45109 25952 63512 64726 44479 57715 42002 41125 38741 44298 64640 68076 35925 57718 47904 25351 42030 19591 10847 46122 26005 42256 49185 60609 36755 77353 49486 44366 40745 35846 26590 63606 46906 32115 30327 47816 60503 51590 47411 63428 69578 30247 20428 40883 37288 84122 60579 12325 81097 65960 5003 20377 36446 43337 61539 4585 58084 51544 49777 54944 56117 43978 46642 20123 63136 21018 43951 62719 10265 54409 40393 38398 33838 58548 73463 18976 46621 59061 55867 57076 67973 84848 11809 80967 0 72516 53089 39944
97463 71945 91568 81982 104517 89249 83910 76743 125790 81442 74920 92414 84980 84016 117573 68251 95026 61240 98337 97547 83929 86621 101609 136059 89985 77099 89146 76172 78681 70413 61668 118639 68809 96317 45629 94464 90814 114006 103728 102429 95253 91079 94157 87554 90857 82936 102844 93005 123848 98054 97959 117936 85495 81068 92945 91704 102572 126981 46034 63147 113014 108764 77519 74437 94298 106921 93533 67930 109988 55069 100598 122849 97359 95881 86513 70945 109045 93535 87902 105523 82781 100409 86857 82350 104833 98419 124284 91494 91810 47552 76167 84483 107392 108797 62630 121315 72516 0 107506 95264
10043 38844 58467 59680 64837 45548 27206 56482 84896 92187 35870 72987 45930 27311 82905 64974 58824 71986 43379 78300 55179 79288 52860 79954 55318 73822 78950 41789 77020 54581 45837 45619 73583 61649 78396 45715 51578 82080 3778 45725 84663 47881 58791 64905 65119 48553 42206 63237 68647 54352 61758 105544 47731 46685 61411 36746 47614 78127 64755 47315 54566 79077 48261 67955 16818 67684 46646 48503 55029 73790 84767 83170 70737 40924 47464 36561 65348 60820 62164 82318 60479 51354 71796 56611 73640 59370 108452 72066 62041 66273 58629 64222 85407 86148 46800 27878 53089 107506 0 76018
73426 62982 58324 33941 73375 32973 51314 51044 57635 50312 60007 52941 49947 51418 62080 59536 17192 58164 44552 2281 28290 30938 40468 87186 34493 62502 50454 52135 42792 47224 50791 47492 26454 28162 49634 33322 26942 44615 72240 69832 79405 37215 29140 67887 49456 34915 70272 21604 42962 41777 20126 89881 42292 57031 22978 51185 53699 49123 61028 52269 83648 63592 44947 20826 61701 43047 34254 44529 61114 51993 59650 78301 58667 47009 51481 46907 35850 22388 46501 60351 34740 49484 64715 40948 9569 49074 104527 52021 20410 59511 46054 57838 58517 86763 51753 77456 39944 95264 76018 0
