0000000100000000000000000000000000000000000000000100000000000001000000000000000100000000000000000000
0000000000000001010100000000000000000000000000000000000100000000001000000000000000000000000000000000
0000000000100000100000000000100000000000000000000000000000000000000010000000100000000100000000000000
0000000010000000001000000000000000000000000000000000000000000000000000000000000010010000000000000110
0000000000000100001000001000000000100001000000000000000010000000000000000000100100000010010000000000
0000000000000100000000000000000000000000000000000100000000000000001001000000010000000000000000000000
0000000010000000000000000000000000000000000000000000000000000000000000001000000001000000000000010000
1000000000000000000000000001010000000000000000001000110000000000100000000000000000000000000000011000
0001001000000001010000100000000000000000001000000000001000000000000000000000001000000000000000000001
0000000000000000001000000000000000000000000000000000000000000000000110000000011100001000100100000100
0010000000000000000000000000000000010000000000000000000000000000000000000010000000100000010000000000
0000000000000001000000000000000000000010000000000000000000000000000000000000000000000010000000000000
0000000000000000000000100000000000000100000000000000010000000000001000000000010000000000000000000000
0000110000000001001000000000100000101000000000001000100010000000000001000000000000000000000000000000
0000000000000000000010000000100100000000000000011010000100000000010000010000000010000100000000000000
0100000010010100000000000000000000000000010000000000000000000000000000100000000000000000000000000110
0010000000000000000000000000000000000010000010000100000000000000000000000100000000000000100000000000
0100000010000000000100000000000000000000000000000000000000000000010000000000000000000010000000000000
0001100001000100000000000000000000000000000000000000000000010000000000000000000000000000000000000101
0100000000000000010000000000000000000000000000000000001000000000001000000000000000000000000010000000
0000000000000010000000000100000101000000000000000000000000000000010000000000000010000000000000000000
0000000000000000000000000000000000000000000000000000000000000001000000000000000000000000000000000000
0000000010001000000000000000000001000000000100000000000000100010000000000000000000000000100000000001
0000000000000000000000000000000001000000000000000100000001100000000000100100000000001001000000000000
0000100000000000000000000000000000000000000000000000000000000000000010000000000000000000000000100000
0000000000000000000010000000000000000000001000101000000000000000001000000000000000000000000000000000
0000000000000000000000000000000000000000000000000100000000000001000000000000000001000000000000011000
0000000100000000000000000000000000000000000000000000000000000000000000010000000000000010001000000000
0010000000000110000000000000000000000000000000000000000000000000000000000000000000000000000000010000
0000000100000000000000000000000000000000000000001010001000100000000000000000000000000000000011000000
0000000000000000000000000000000000000000010000000000000100000000001100000000000000000000000000000000
0000000000000010000010000000000000000001000000000000000000000000000000000000000010000001000000000000
0000000000000000000000000000000000000000000000000000100000000000000000000000000000000000000001000000
0000000000000000000010110000000000000000000100000110010000100000000000000010000000000000000000000000
0000100000000100000000000000000000000010000000000000000000000000000000000000000000000000000000000000
0000000000100000000000000000000000000000000000010000000010000000000000000000010010000000010100000000
0000000000000100000000000000000000000001000000000000000000000000100000000000000000000000000001000000
0000000000001000000000000000000000000000000001000000000000000001000000010000100000000000000000000000
0000000000010000100000000000000000100000000000000000000010100000000000000000010000000000000000000000
0000100000000000000000000000000100001000000000000000001000000100000000000000000000100000000000000000
0000000000000000000000000000000000000000001000001000000000001000000000000000010000000000000000000001
0000000000000001000000000000001000000000000100000000000000000000000000000000010000000000000010000000
0000000010000000000000000100000000000000100000000000000000000000000000000000100000000000010000000000
0000000000000000000000100000000001000000010000000000000000001000000000000000000001000000000000000000
0000000000000000100000000000000000000000000000000000000100000000000000000000000100000001000000000000
0000000000000000000000000000000000000100000000000000000000000000000000010000000000000000000000000000
0000000000000000000000000100000000000000000000000000000000000000000010000000000000000000000100000000
0000000000000010000000000000000000010000000000000000000001000000010010000000000000000000000000000000
0000000100000110000000000100010000000000100000000010001000000000000000000000000000000000000000000000
1000010000000000100000010010000001000000000000000000000000000000100000010000000010000000000000000000
0000000000000010000000000000010001000000000000001000000000100000000000000000000010000000000010000000
0000000000000000000000000000000000000000000000000000000000000000100000000100000000000000101000000000
0000000100000100000000000000000010000000000000000000001000000000000001000000000000000000000000010011
0000000100001000000000000000000001000000000000000000000000100000000000000000000100000000000000000000
0000000010000000000100000000010000000001000000001000100000000000000000000000000000100000010000000000
0100000000000010000000000000001000000000000010000000000000000000010000000000000000000000100100000000
0000100000000100000000000000000000010010000000000000000001001000000001000001000000000000000001000000
0000000000000000000000010000000000000000000000010000000010000000010000000000000000000000000000000000
0000000000000000000000110000010001000010000000000010010000000000000000000000000100000000000010000000
0000000000000000001000000000000000000000000000000000000000000001000000000000000000000000001000010000
0000000000000000000000000000000000000000100100000000000010000100000000000000000000100000000000010000
0000000000000000000000000000000000000001000000000000000000001000000000000000000000100000010000000000
0000000000000000000000100000000000000000000000000000000000000000000000010000000000000000000100000000
1000000000000000000001000010000000000100000000000000000000010000000000000000000000000001000000000000
0000000100000000000000000000000000001000000000000101000000000000000000000000000001000001000000000000
0000000000000010010010000000000000000000000000010000000101000000000100010100010000000100000100000010
0100010000001000000100000100001000000000000000000000000000000000000000000000000000000000000000000000
0000000001000000000000000000001000000000000000000000000000000000010000000000000000000100000000000000
0010000001000000000000001000000000000000000000110000000000000000000001000000000000000001000001000000
0000010000000100000000000000000000000000000000000000100010000000000010000000000000000000000000000000
0000000000000001000000010000000000000000000000000000000000000000000000000000000000000000000000010000
0000000000000010000000000001000000000100000001000100000000000010010000000000000000000000000100000000
0000001000000000000000000000000000000000000000000000000000000000000000000000000000000000000100000000
0000000000000000100000010000000000000000000000000001000000000000010000000000000000000000000000000000
0000000000100000000000000000000001000000000000000000000000000000000000000000000000000000000000000000
0000000000000000000000000000000000000000000000000000000010000000000000000000001000000000000010001000
0010100000000000000000000000000000000100001000000000000000000000000000000000000000000000000000000000
0000010001001000000000000000000000010010110000000000000000000000010000000000000000000000000000000000
0000000011000000000000000000000000000000000000000000000000000000000000000001000000000000000000100000
1000100001000000000000000000000000000000000010000000010000100000000000000000000000000000100000000011
0001000000000010000010000000000100010000000000000110000000000000000000000000000000100000001000000000
0000001000000000000000000010000000000000000100000000000000000000100000000000000000100000100001010000
0000000000100000000000000000000000000001000000000000001000001100000000000000000011000000010010000000
0001000000000000000000000000000000000000000000000000000000000000000000000000000000000000000000001010
0000000001000000000000010000000000000000000000000000000000000000000000000000000000000100000000000000
0010000000000010000000000000000000000000000000000000000000000000010100000000000000001000000000000000
0000100000010000010000000001000000000000000000000000000000000000000000000000000000000000000000100000
0000000000000000000000010000000100000000000010000000000000000001100010000000000000000000000000000000
0000000001000000100000100000000000000000000000000001000100000000000000000000000101000000000000000000
0000100000100000000000000000000000010000001000000000001000000100000000000000000000100000000000000000
0000000000000000000000000001000000000000000000000001000000010000000000000000000010000000000000000000
0000000001000000000000000000000000010000000000100000000100000010010000011000000000000000000000000000
0000000000000000000100000000010000000000010000000010000000100000000000000001000000100000000000000000
0000000000000000000000000000010010001000000000000000000010000000000010000000000001000000000000000000
0000000000000000000000001000000000000000000000000000000000000000000000000000001000000010000000000000
0000001100000000000000000010100000000000000000000000100000011000000000100000000001000000000000000000
0000000100000000000000000010000000000000000000000000000000000000000000000001000000010000000000000010
0001000001000001001000000000000000000000000000000000000000000000000000000000000000000000000000000001
0001000000000001000000000000000000000000000000000000100000000000010000000000000100010000000000001000
0000000010000000001000100000000000000000100000000000100000000000000000000000000100000000000000000100
