0000000000000000000000000000000001000000000000000000000000000000000000000000010001000100000010000100
0000000000000000000000010000000000000000010000000000000010000000000011000010000000000000000000000000
0000001000100000000000000000000000000000000000000000000000010000000000100000000000000000000000000000
0000000000000000000110000000010000000000000000000000000000000000000000000000000000000010010000010000
0000000000010000000000000000000000000000000000000000000000000000000000000000001000000000001001000100
0000000000000000000001000000000000100000000001000000000000000000000000000000010000000000000011010010
0010000000000000000000001000000000000000000000000001000000100000000000000000000000000000000000000000
0000000000000000000000000000000000000000100000000000000000110000001000000000001000000000000000100000
0000000000000000100000000000000000000000000000000000000000000000000000000000000000000000000000000000
0000000000000000000000000000000000000100000000000000000000000000110000000000000000010000000100001001
0010000000000000000100000000000000000000000000000000000001000000000000000000000000000000010000000000
0000100000000000000000000100000000000000000011000000000000000000000000100000100000000000000000001000
0000000000000000010000000000001000000000000000000000000000010000000000001000000000000000000000000000
0000000000000000010001000000000000000000000000001000000000000000000000010000000000000000100000000000
0000000000000000000000000000000000000000000100000000000000000000000000001000000100000000000001000010
0000000000000000000000000000000000000000000000000000000000001000000000000001001000000000000000000000
0000000010000000000000000000000000000000000000000000000000000000000000000000001000000000000000000100
0000000000001100001000000000000000000000000000000000000000000000000100000000000000000010000000000000
0000000000000000010000000000000000000000000000010000000000000001010000100000000000000000000000000000
0001000000100000000000000000000000000000000000000100000000000000000000000000000000100000000000000010
0001000000000000000000000000000010000001000000000000000000100100000000000000000000000000001100000000
0000010000000100000000000000000000001000000010001010000000000000000000000000000011000000000000000000
0000000000000000000000001000000001000001000010000000000000000000000000000000000000000000000000000010
0100000000000000000000000000000000000000000000000000000000000100000000000000000000000000000000000000
0000001000000000000000100000000000000000000000000010000000000000000000000000010000010000000000000000
0000000000010000000000000000000000000000000000010000000000000100000000000000000000000000000000000100
0000000000000000000000000000000000000010000000010000100000000100000001000000000000000000000000000000
0000000000000000000000000000000000000000100000000000000000001000100000000100000000000000000000000000
0000000000000000000000000000000000000000001000000000000000000000000000000000000000100000000000000000
0001000000000000000000000000000000100000000000000000000000000000000000000000000000000000000001000000
0000000000001000000000000000000100100000000000001010000000000000000010000000000000000000000000000000
0000000000000000000000000000001000000000010000000001000000000000000000000000000000000000000000000000
0000000000000000000010000000000000000000000000000001000000000010000000000000000000000000000000000000
1000000000000000000000100000000000000000100000000000000000000000000000000000001000000000001100000000
0000010000000000000000000000011000000000000000000000000010000000001000000000000000100000000000000000
0000000000000000000000000000000000000000000000100000001000000000000000000100100000000000000000100000
0000000000000000000001000000000000000000000000000000000100000000000100000000100000000000000000001000
0000000001000000000000000000000000000000000000000000000000000000000000000000110000000000010000000000
0000000000000000000000000010000000000000000010000000000000000011000000000000000000000000000000000010
0000000000000000000010100000000000000000000010000000000000100000000010000000000000000000000000000000
0000000100000000000000000001000001000000000000010000000000000000000000000000000000000000000000000000
0100000000000000000000000000000100000000000000000000000000000000000000100000000000000000000010000000
0000000000000000000000000000100000000000000100001001000010000000000000000100000000001000000000000000
0000000000000010000000000000000000000000001000110000010000000000000000000000000000010000000000000000
0000000000010000000001100000000000000011000000000000000000010000010000000000000000000000000000000000
0000010000010000000000000000000000000000000000000000000000000000001000000000000000000001000000000000
0000000000000000000000000000000000010000000100000000000000000000000000000000000000100010000000001000
0000000000000000001000000110000000000000100100000000000000000000000000000000000000000000000000000000
0000000000000100000001000000001000000000001000000100000000000000000000000000000000000000000000000000
0000000000000000000100000000000000000000000000001000000000000000000000000000100000000000000000000000
0000000000000000000001001000001000000000000000000000000000000000000000000000000000000000010000000000
0000001000000000000000000000000110000000001000000000000000000000000000000000000001000000000000000000
0000000000000000000000000010000000000000000000000000000000100000000000000000000000000010000010000000
0000000000000000000000000000000000000000000100000000000000000000000000001000000010000000000000000000
0000000000000000000000000000000000010000000000000000000000000010000000000000010000000000000000000000
0000000000000000000000000000000000001000000000000000000001000000000010010000000000000000000000010000
0100000000000000000000000000000000100000001000000000000000000000000000000000000000000000000000000000
0000000000100000000000000000000000000000000000000000000100000000000000100000000000000000000000000001
0000001100000000000010000000000000000001000000000000100000000000000000000000000000001000000001010000
0010000100001000000000000000000000000000000010000000000000000000000000010110000000000000000100000000
0000000000000001000000000001000000000000000000000000000000000000000000000000000000000000000010010000
0000000000000000000010010110000000000000000000000000000000000000000000000000000000100000000000000000
0000000000000000000000000000000010000010000000000000001000000000000000000000000000000000100000000000
0000000000000000001000000000000000000010000000000000000000000000000000000000100000000100001000000000
0000000001000000000000000001000000000000000000000000000000000000000000000000000000000001000000000000
0000000001000000001000000000000000000000000010000000000000000000000000000000000000100000000000000000
0000000100000000000000000000000000100000000001000000000000000000000000100000000000000000000000000000
0000000000000000010000000000000000001000000000000000000000000000000000001000001000000000000000000000
0100000000000000000000000000001000000001000000000000000100000000000000010000000000000000000000000000
0100000000000000000000000010000000000000000000000000000000000000000000000000000000000000000000000000
0010000000010000001000000000000000000000010000000000000001000000001000010000000000001000001000000000
0000000000000100000000000000000000000000000000000000000100010000000010100001000000000000000000000000
0000000000001010000000000000000000000000000000000000010000000000000100000100010000000000000000000000
0000000000000000000000000001000000010000001000000000000000010000000000001000000000000000000000000010
0100000000000000000000000000000000000000000000000000000000010000000000000000000100010001000000000000
0000000000000001000000000000000000000000000000000000000000000000000000010000000010000010000000000001
0000000000010000000000000000000000011100000000000100000000000001000000000000000000000000000000000000
1000010000000000000000001000000000000100000000000000001000000000000000001000000000000000000100100000
0000100100000001100000000000000001000000000000000000000000000000000100000000000000000000000000000010
0000000000000010000000000000000000000000000000000000000000000000000000000010000000000000100000100000
0000000000000000000001000000000000000000000000000000010000000000000000000001000000000000001000000000
1000000000000000000001000000000000000000000000000001000000000000000000000000000000000000000001000001
0000000000000000000100000000100000100000000000100000000000000100010000000000000000000000000000001000
0000000001000000000000001000000000000000000100000000000000000000000000000010000000000000000010000000
0000000000000000000000000000000000000000001000000000000000100000000000100000000000000000010000000000
1000000000000000000000000000000000000000000000000000000000000001000000000000000000000000000000000000
0001000000000000010000000000000000000000000000100000100000000000000000000001000000000000000000000100
0000000000000000000000000000000000000000000001000000000000000000100000000010000000000000000100000000
0000000000000100000000000000000000000000000000000000000000000010000000000000000100000000000000010000
0001000000100000000000000000000000000100000000000010000000000000000000000000000000001000000000000000
0000100000000000000010000000000001000000000000000000000000000001000000100000000010000000000000000000
0000000001000000000010000000000001000000000000000000000000010000000000000000010000000001000000000001
1000010000000000000000000000000000000000010000000000100000001000000000000000000000010000000000000100
0000110000000010000000000000010000000000000000000000000000100000000000000000000001000000000000000000
0000000100000000000000000000000000010000000000000000000000000000000000000000010100000000000000000000
0001010000000000000000000000000000000000000000000000000100101000000000000000000000000000100000000000
0000000001010000000000000000000000001000000000100000000000000000000000000000000000100000000000000000
1000100000000000100000000100000000000000000000000000000000000000000000000000000000000010000010000000
0000010000000010000100100000000000000010000000000000000000000000000000000100001000000000000000000000
0000000001000000000000000000000000000000000000000000000001000000000000000001000001000000000100000000
