0000100100010000100000011001000000000000100000000000000000100000000100000000000000000100000000000000
0000000000000000101001100000010000000000100000000100000000000011111000000000000001000010000001001000
0000000000000000100001000010000101010000010100000000000100010000000001101000001000000000000000010000
0000000000011000001000000000000000110000100000001000000010000000010100000000000100101001100010000001
1000000000100110000000000000011101000000000100000000000000010000000001000000000000001000001110100001
0000000000000101110000011001000000000100000101100000000010000000001010010001000000000000000000000000
0000000000011000100000000000000000000011000000000000000010000001000000100000100000000000000000000101
1000000000010000000000010010000000000000000000000000001000000000100000000000000001000100010000110000
0000000000000100000100000110110000000001000010000010000000100000000100001000000000001000001000001010
0000000000100001010000000011000000000000000000000000000000010101000000000000000010000000000000000000
0000100001000000000011000000000000001000000000100100011000000000010000010000000001000000001000000100
1001001100000000000000100000000010000000000100000000000001010000010000001101000000000000000000000000
0001001000000000000000001000100000000100001001000000000000000110000001000001100000000000010000001000
0000110010000000000001001000100000100000000000010000000000000000010000100000000011000000000001000010
0000100000000000010000000000000001000000010000010000110000000100001001101010000000000001000010100000
0000010001000000000000000010010000100000100000000000000000000000000100000100000000011100000010100010
1110011000000000000000100000000000000000000000000000010000000000000110000000000001000000000000101111
0000010001000010000000000010000000000011010100100001000000110000010001000000000000000100000000000001
0101000000000000000000000000000000001001000000000000000001000000000000000001000000101000000000001000
0000000010000000000000000000000000000010000100000000000000010001100010000000000100000000000101000000
0000000000100000000000000010010010000001000000101000000000001000000101000001000000000000100000001000
0110000000100100000000000000000000000001000000100101100000000000000100000001100000000000010000010000
0100000000010000100000000100000101010100000001000000000000100000000000000000000010100100100000000000
1000010100000000000000000000000001101100000000010011100000100000000000000001000001000001000000001010
1000010000001100000000000010000000000010000100001000000001000000001000000000001100000100000100000100
0000000010000000000000100000000000000001000110110000010000001100000000001000100000101010100000000000
0010000111000001010010001000000001000000000001000010010001000001000000010000000001000001000000000000
1000010001000000000000000000000000000001000010010000000000000010100000100000000001000010000010000000
0000000010001100000000000000000001000000000000001001000000010010000001000000000000010000000000100011
0100100010000001000010000000000000001000000010000001101100000000000000000000000000000000000000010000
0000100000000000000000000000000001000100000000000010010000000000001000000000010011000011110000010000
0010100000000000000000100000000000000000000000100010110000000000000000010000010000010001101010000000
0000000000010000000010000000000001000000100000000000010000000001001000000000000000000100100000000001
0010100000000010000000110010101010000101000000000001001000000000000000000000100000000100000000000000
0001000000000101000000010000000000000001000000000000000000100100000001010000110000010000000100000001
0011000000000000000000100000000000001000000001000101000000000000000000000000000001000000100000100100
0000000000100000001000010000010000010000100000100000001000010000000000000000010000000000000100001000
0000010000001000000000110000001001000000000000000100100001000000010101011000000100000000000100000000
0000001000000000010100001000000000000000001000001000000000000000000000000000010001000000000001000000
0000001010000000011011000101000001100000001001000100000000000000000000100000001001000000001001100101
1101000000000001000000000000000010001000010000001000000010010000000000011000000100100010000100000000
0010000000000010010000000000000000000000100000010000100000000010000000010000000010011010000000001000
0000000000001000000000000000000000000011000000010010001000000010000010000010001100000000000000000000
0010110000010000010100001100000000000000000000000100000000000000000000000000000000000000010000000000
0000000010000000000000000101010000000000000000000100010010000000000100000000001111000000010000000000
0000010000001000000000100010000000010001000000110100000101001000000000101000100100000000000001000000
0000010000100000010011000100000100001000000001010000000100000000001000001000000100000100000000010000
0000000000000110000000010101000000000000011001100000000100000000000101000000000000000000000000100000
0001000000000000000010001000100000000010100000000100000000000010010000100000000000011000000000010000
0100000000100000000001000000000000010101000111001000000000000000000000000000000010000000100000100010
0000000010000000000000010010001100000000001000000000010000001000101000000000000000000000000001000000
0000000000000000010001010000110001010000000000000000010000000000000010000000000000100000000000000011
0000000000000010000001010000010100000100010000000000000011101000000011010000000000100000000010001000
0000000000100010100000000110001110000000000010000011000000000000000000000001000000000000000000000000
0000000100100000000000000000010001001000001000000000000010100001000110000000100001000000100000000000
0010000000000000000000000000010000000000000001110000000000101010010000010010000010000000000000000000
0001011000000000000000000000000000000000100010000000101000000011001111000010000000000000010000000010
0000000000010000001000001010000000000100000001000000100000000001000000000100000000000001111010100000
1000000010000000010000110000000000100000000000000000101100000000100000100000001001100000000000000000
0010100001010000010100000000100000001000100000000000000000000000000000000000110101000000100000001000
0000000000000000000010000100000000000000000001000010100100000000000000000010000000001101000100000000
0000000001001010000000000100000000100000000000000000000000000000100000000100000011010100000000000000
0100000000001000000000000001100000000000011000001000000110000000000000000000010000100001100010000000
0100001001000000000100000010000010000000000000000000001011000000000001000000000000010000000000100010
0100000100000000000100000001000000000000000000000010000000100100000000000010010000000001000000001100
0101000000110100010000000000000000000100000000001000000100000000000000000000001010000001000000010000
0100010000000010000000001000001010000000000000100010000010000000000000000100010000010000000011000100
1001000010000001100011000000000000000100000010010000001010000000000000010000010110000011001111000000
0000010000000000100100000000000000000000001000000001101010000000000000101000001000101010100010100000
0010100000001010010010000000100000100100000000010000100010000001000000000100010000000000100000001000
0010001000000110000000000001000000000001000001001000000000100000000010000000000010000110001000000000
0000010000100000000000000010000100100100110000000000100100000000000100000000001000000000000000100000
0010000010010010000000000100000000000100100001100000000000000000000010000000100000000001010000000000
0000000000010001000000000000000000000000000000000000000001000100001001000000001001000000010100000000
0000000000000010000000000000000000000000001000000000000110001000100000000001100000000000110000000001
0000010000011000001011010000000000000000000000000000010000000000000000000010001010000000100001010000
0000001000001000000001000100000001100000000001000000001000010000000000001010001000001000000100000010
0000000000000000000000000000001100101010000000000000000000010010101101000000000010001000000000000000
0010000000000000000000001000000000000001001010000000000000100000010010010101100000010000000000001011
0001000000000000000100001000000000000100101011100000000000010000000100000000000000001000000000010010
0000000001000100000000100000001000000000010010000100000100000100010100100001010000100000000000100100
0100000100100100100000010011001000010011000010000000001000110100000000000100000000000000000000000000
0001000000000000001000100100000000000000100000000001100000100010000010000000000010010001000101000000
0000000000000001000000000000100100100000010000001000000000000101001000000000001000100100001000100100
0001100010000001001000000100000000000000010000001000000000001000000010000000110100000000010000000001
1000000100000001010000101000000011000000000000100000000000001100000000100000000000010001000100000100
0100000000000000000000000101001000000000110000000000000000000000000110100000000000000000100000001100
0001000000000010000000010010001100000000000000000000000001001010110100001000000000100100000000000000
0001000000000000000010100100001110010000000000000100001001010010000011000011000000000010000000000000
0000000100001000000001000000001000000000000110000000000011000000000000001110000000001000000001000000
0000100010100000000000000000000100000001000000000000000001000000000100100000000000010000000000010000
0000100000000000000100001000000000101100100000000000000000001000000100000100100000100100000000100000
0001100000000011000000000001000100000000000000000000100001000010001110000000000000000000000000000000
0100000000000100000100000000000000000011000001000010000000000000001100000001000000100000010000100011
0000100100000011100000000000100000010001000000010100000001000001000010010000000010010000000101010100
0010000100000000000001000000011000000000000000101000000000000000010000000001000100000000001000100000
0100000010001000101010010000000000001000010000000000100000010000100001000000001000000010000000000000
0000001000100000100000001000000000010001000000000000000000000000101000000000000010010110000000100000
0000000010000101100000010000100000000000000000000101000010000001000000000000101100000000000001000000
0001101000000000110000000000100010100001000000000001000000000000000000000010001000001000000001000000
