0101011111111000001000001101111111111001110111111011001110011010101000110100110001111011011111111011
1011100001111001000010000100011000101111100011010110000111101011101000010001010111011010111011101101
0100001101001001011110110110111111011111000010100010111110001011001001110011010110101010000011001110
1100101100100000100100001111110011000110111001111001001100110110100100010101110111010000111001000001
0101001000110010011000010110110100010101010011001000101110111011001110101000110011011101011100111100
1000000000000101010000001100100111111011111111010101110100110111111000101010010011111111100100011010
1011100010010111001000010110111111101011101110100010100101110100000001100011110110111010101011111110
1011000000110010010111101101000110100000110101100011100111111111001111111111110111111011101111110011
1000001001001111011100110100111110100000011010001010101100011011011010100000101011000101000000110101
1110000010101111010100110000001111111010100011101010101101011000101101000111100110000000111101010000
1101100101011101010010010110000101011011111111100011111111011110101011111010011001011001111111101011
1100101100101111010111100111011110100001011001000100101110011011001011010011010100010101111111101101
1110000011110001010110001101101010111111110001010111110001001111100001110101101010000010011011100101
0000011011110000001001001101111000010101010000100111111101011101110011110011000111111101101100001100
0000101111010000010110101111001111000000110010100000010101010001000100011001100000110110001010110000
0110011011111000100100111011101011110011010110001100100000111110100100100111111011011000101110111000
0001000000000001010000010010001100100010100101100000000101010100101011010101100011000000000110110000
0010110111111010100110011100110101100001110101100101000010100101000111000011100100010111111110111110
1010101010000100000000010110111010000100001000000110001000010110011001100000010110010101101011101101
0011000111011011010010111110011010101010000001000000011111001011101101101001101011011011011101000111
0110000100111010010100001111010110001000001010000101010001001010010000110000000100000000011001001011
0000000100010100000000000000000101100100101001010110000000100110100101100001000010110101100100000000
0010000111010011000100011110111110100000111010100001010000111001110101100001101010001011010000111101
0010101011100001111100100000011000111110011000000001001110111001100000101011011001111000011111110100
1001010100001111010110100110000000010001100000000111110001001010111111111001010111111000111001001001
1111111110111110011110101011110110111111101111001111110111110101111110111000010111101101110111001011
0011101000110011101110101101110001001001101000000010001101011110011111111001110111111010111111001111
1001000100011111000010000110100011100011000000001111110001100101100101100000001110100101101110111111
1011111010001101011000100111000111100011101000001001001110110100100010011110000010001011010101010100
1111101010010100011110110110001110100110111001000010001011010111101011100000011010011110011011110101
1110001011011111101100110000010101100011100001100010100111111010001000010100110100010111101001111111
1010111111110010110011100100111010100011111111011011001110110010110110010001001111000111101111101101
1011011111011011001110100101110100111111001010010010111100010100110001000101001110111001001111110011
1011011001100011010001000011101000100011100110101001001000100110001011111000000101110011111111001011
1100011111011001110101110101111111011011010011110010110000101110001001110101110010111000110101100000
1010110001101101000000011100000010100100010011001010101010010000110000100101010111001101101100000110
1110011001101000000110010110000010100000010011110010100111110000101000011100010000011000100111111111
0111100000001100001001010100010010010000110001000100101000000011100010000000010110001001010100001101
0111011001101001100100010101111111100001101111100011011110100111101001101111111011010100111111011110
1110111000111101010000001111101111100010101111001001000110110100101110010100110011101101101111001111
1101011101101010110001101110111101000111001111111010011101111111100100111011000001000010010110111111
1001110110111111010000110000010100111100001011100000101011111010101000100101100111001011001011110100
0001011010110000001011110110110110000011110011001111101001110011010010101000101010101111110001101111
1000011100100001110000000100000101000011100010011001000111100000001111011100011010000001010110110100
1110111011100011000010100100000111111011111101100001010001111100110010000101101010000101101111110000
1101110101111000110101000100011100111111111010000001101110010011101101101001111111011001111111111011
1011001101100110110000100000001001101010110010010001011100110101110100001001110001001110001100110011
1101010000001000000001000000000110101000100100100001010001010000110110011001010000011000101111110100
1001100011000001000000000101100101010001101100000001100100100110110110001010100000001001000101001110
0100010000011101011011001101000000000100001000000000110010000010101011000001010101001100000101100110
1110001111101100001001001111011110111010101000000001100101100101111011100101100111110101100101011111
1001010100101100010010111101100101000011001111111010010111101010101111110111110101010101101111010011
0010111111111101000000001101001010111100011001001110011100110001011001000000010111001011001111111111
0010010000101110000110101101000010100010100010110101100000001100101100101000000110011111001111100001
1011100011110100001100010010110111010110111001100000100100100010000011100100110010011101110111000010
1111111111110110100100010110101110001011100101101011101010110111101011011111110011001000100110111010
1110100100110000010100010100111100011011010101000101000101110010010010100100001000001010010111100100
0100001101101110100110001111011000001000111110010011000010000100000100011100100110000001001111011111
0101111100000001010001110101101101101011111110101011101110011101101101111011100111100101001100001010
1001111111110111101000110110111110011001111011110000100110101111000000101001100110100100001110111001
1110100111111101000110111010001000100000110010000001010000110010101101111101111110011101111011101111
0001011100101101111001000111110011100011100010101010010101110010110001101111111010100000000111001110
1111110110111001001111001010011101100110111001001101001110011100010010001001011100010110110000001011
0110110110011110010100110101010000000110101001100010100100110000100101101011010100110111101111110100
1101010001101101100101111101110110011111110011111111010100101101011011111111010011110100101101110011
0000010010000100001010101110000110010000001010111010100010000110100000011001010011011000010001101110
1110110111110000101100001110011001101011010101000111110100101000100111110001010011011111111010001011
0001100101000011010101101111000100000001100101111001010001101001001011010000010000110010111101100011
0000100110110100110000001110110101000101001110011111001110000010101100110010000110101101101111101010
0010001101111100111101101011010011100010000101000111101100101101101100101001010111110001111000001011
1010111110101101001111111111010001110010111001000011011010111101101011000001010111001010101111110111
1111000100111110100010001110101101101001100100010001000101101000111110000001110011000000001111000111
0000110100100010000100011110100001001010101101111000010101111111110001000000101001001011111100010001
1001000101001001100000000000101010111011010110000011001111001100100000000010101010000100101111000100
0010011101110101010000010000100000000010100000001001000100100101100010000101000000000000001100001010
0111001101011111110101111010000110110010110011110111000100111111111001110010010011111000010110101010
1001101111001011110100100010001000100011011011101011001101111100000000011100010010000001110000011100
1111111100110001001000011110011000111111000101110101101100001111111101110001100111011000111011111111
0000000010101001000100110001010110000010001111000000000010001110000000001100000000101000011011100110
0111001101010100011010001111001111010100010001000111110001111011000011100000010000010001111111001101
0111111111001101101101101111110110110111011111000010111101111100111011110101110001100111011111100110
1101110110100101100100011110000101010011110001100111100100100000111001111001010010001001000010100100
1010011100000110000001011111000011100001001000000010000000110101100111000001001010000101101100110010
1101111100110111011101011010011011101010000001010011011000001011111101000001010100001101101110010111
1110111100100101000100111110110010111101011001111100111110001000011010101001011001010001111110111000
0000110010010110011001000101011100010011001010100111011000111011101010000100000010110011101100110010
1110011100001010010100100010111101000000111000100000110010000011001100101000000010000100000111100000
1000110110110100011101100101101111010101011111001011111001101001001011001000100111111100000101101111
0101011101110101011001001111001101111011001011010011001100001011101111101100110100111100010000011101
1101100001111000010110111110110001100110101101000000001010001010011101001001111110001000100001100111
1101101101111111011110011011011111010011010011110001110001111001101111111110011110111100000111011010
1000110101110101110101010111100111111111100111111111111111110101100110111111000110111111001011010111
1110001100111011111000010111010111001011110111010001111111011101001010110101011111011010001101111000
1111001101111000001110011110111111101011011011011111111011001101110110110100011110000011011110001111
1100101110111011111000110001011110101000111111110100110110011001110110100001011011101111010010001111
1000111111000011110000110001111010001010110111110011100101010001100000101000110000111100101110001100
1110111000110101011010101111001101001111101001001010100101111110011011000011110100001001101011110111
0110101010011100011100110011111100011111111100011110100011001101010000110100111111010001110101111000
1010011100100000010110000111001011011011101001101111101101101110111111110011011010110101011101101001
1101000110111000001110101111011111001101101001100011110001011010101101111000010100010001110101101010
