0001000010001101010000000011101010101000011111100011000100110110000101001011110011100010011011011001
0011010000100001110011101000110011011001011100110110101100010010000110100111100111111010101001011011
0101000111010100111010001110001101001011000011000111010110101011100110101011000110111001110101011100
1110100101111111000010110110011000110110001000100000001000010101001111001111111110001100001001000011
0001011001111010001000111010100000000110000101010010011110000101001111000100000001100011010010100011
0100101101100111111110101111110010100101101100110111111111000111100100101110010100001111101100010111
0000110000000000000111000010000000001100000000010011101110000000001010100101001000000100000010000000
0011010010010001101000011011111010001011110001110111001111110001100100001001010010011111111001001011
1010000100011111110111011000011110011010101101100011111000000100101111001010001100111001100111000000
0011110000111011101000110100000110001101010010011100101011111001101110011101011011111101110011001001
0101110001001111001011110111101011011101010100000100100110101101111010110001100100001111000000000010
0011100111001000001101001101101110100101111101110001100011101101001110101111011000101111110001010000
1001100011110110011011100011001010010100110110100010011011100110110100001100110101001110000010110111
1011010010101010111010110110111111101111101100110001001100000011110111111111111000110000010101001110
0001110011101101111110000101001000001101111101110111111100100111111111111110011101101111111001001001
1101010111100010001001111011111010111110101100100110001010011101101000101111000101110111111011010010
0110010111000110001011110001001011001010101111100001101100111100001011111001000010111111011000001010
1110010010001110000111111111111111100101111011110101111110011111101101111010111111110010110010110010
0010110101111111100100100010011110111011011101110000111110110010111111010100111000001101001010100011
0000011010010010011011000101001100101010111101000001100100000000110011110100101001011101100100001000
0111011010101110110101111001110001010111101101100101101000001000111011000100001101111101010001011100
0100001010111001110110000011000001101000101100000010100110100000001100100100001110011101101000010010
0101110001101101111010011101110010111111001100011110001111011001110010110111111101001001011001001000
0001100111100101110010100101110010100000101010100101001111011011111100111111010011010110111101111010
0110110110010001010010100100111010100110110101110011111001100111101010001100110111100011000000100001
0011010001110110010100111000011100110101100101110111011010100111010001001001110111100100011110011011
1011111100101101011001000000111000111111011111101000001010100010101110111101111110010110011001111010
1000010100111011110111110000111011110001101100100001011001011001010111110110110111001101101010011010
1100110100110101010010111011001110100011011111100101100001101011001010011111000001111111111111111001
0101010110000101011010111111000000101000001111000110001100011001011011110111001101010110001001101010
1011000110111111111100001111100110101000111110001111101111100000100101011111010011100011011111111001
0010000011010100011100000100101010100001101011100111101001110011000001001000011000001100110100010010
1100010111111101111000111001101100001111111111100001110101111001101100011001110101100110000000000011
0110000000100100110011000001000000010101011111110000000001000011011011101000000110100000001001000100
1001010000010101011101111111111100000100111011110101000101011110011111001101111101100100111100111000
0101000010101001001010100111000001000111000100100000000011000001110010100001111000000010001011000011
1110001111100111101101100010011010000100101111010100001111101001101010010100100000110110011101011011
0001111001111111010010101110000011111001100001010101001010001101101011010011100000100110001100101011
0011100110000101101110101010100010010001101111100111001111101010100101010111011001110111111011011010
0110010101110110011010100111100111010110100111110000001101111001101001011111111110011111110011011010
0000010110011111110111011101001110101111001100010111101100010010000110010001111000001101100101011100
1100000101111010011100001010101011100000001100100001101010101001111101111010101101101111010010111010
1101010010010111111111110011111111101010110111100100100111111110101011110101111010101110111001001010
1100110010111111101111101111111011011011111000111111101111000101101111111111110100101111011101011011
1010000001001000110000010010111111101011001001010100001111111110001001101111000111011110100011001011
1010100110010010111110001110110111101111001010000001101001010001100101111111010010100111011001001010
1101010110011111111010011111100111110011011100000101111111101010101110101111011111101111110000111011
0100111101010110011000101100000001101101100110000110011100000001111011010000110101010000111000110000
0000000001000000000000100010001000000000000100000100010000001110000000001101000100010001000010101000
0110010101100011010010110100111100101110101110111010001110101011100000101111100111000110001001010000
1110111110001011000001101100011100000010100100010100011110000110011100011010110011111000001001110001
1010011110010110110110011101101110100110110101100000001001100001001111110111111001100110110100111100
0100011011110010111111001000101110000000111101100000001011010000100111010110000111001111111101111110
0010110010001010011000001101000010000000000000111010000000001001110100011110110010111010110000111011
0101111111001111111010111111011100001111110111110111100110001110111101110100011111111111011110111011
1110111100100110111101110000011010101011101110110110001001001000101100011110110111000001110011110011
0010111101111001011001110110001000011110011110100110101001011101100100110101010010000110100000011000
0000010101011000000000111001101111111011001111100001100110100000001000101001011010111110001011001001
1010000101111010101001001110101110001011011010100101000001001000001011011010001010101111100110000110
1101000101000001111000110001010110100001101011000000100010000101000001000011011000000100000011000010
0010000001110001110010110001110010101111011010101100011110100101011011111001110011101001100000111001
1001110010111011110000001100000000100100001110001010001010011010000001111101001111101111100000011001
1110010000001110011000011110100101100010101010101110001000000101000011110001010000111001110111010101
0011110101110111010000111101110111011101010101010101010010011010110110001101101001000001000000001000
0010010111101111011110111010001010011111011101110100111110000001001100111101111011000110101011011011
0000000000101110001110110101010001110000010000010010011000001001000000001001110101000101000110011010
0001101011110011111011011010110011101101011110110011001101101000100110010101000000001011110110111001
1111110111011110011001010011001010100010110101100011111110000001101011111011110101100001110000111111
0111101011110110101110101011110001111100101100110001100000101011001100101001001111100010011011110010
1001100010000110111110000101011101100111011111010001101000111110000100011101100010010100110111011001
0110011000110111110101110011010001010000011111100101001011001110100110010111011110101111100001111000
0000000001100110111100110011111010001111111101010011111110101110101101100101100111010101010101101010
1011010111011111110000011110101111100001010111101110010101101101110111000010011111111111100011001001
0101111001011111001111111011111000101011001111101101111110000101101001110000101000001010111011011010
1111010010010111010000110001111000000111010111100111110100110000000100101000110111011111110011111001
1111001101110101100000110110111010110111101111101101000011011111111111110000110010110111011111000010
1101000000101100011100101111000010111101111100010111010100001001110101010111001111100010111000001001
1001010101011110011000111111001110110011101101110011011111011010110100101011000110100110010011011000
0001001011010110011111100010010100110011111000100001001001110101100010101100100101001100000101110100
0111010010101011010011101111010011100001010110111100101100000100010110111010111011100000010000110000
1111000101000000110001011111001001000001001011100110111111101100100011111011110100111110011010001101
1100100001001011010110111101111010100010010010110111101100001101110110011010101100100111101000011001
1110100011010111110010001100101011101110011101100011011001101110000110101001110111011101000101100101
0110000111000101110111010010110000001011000010011010011001000010000001011011000010100010011001001011
0111010111111010101111100001100100000001111110100010111001101110001000101110001010100110011001111010
0001011101111011101111010111110110101111111111100101101011110100110001111011011011101010111011001110
1100110100111011110000011010111010011111011111100101111011100100101010101111110011011101111010011011
0010110111110011101111101001101000000011110101101000101100101111011100111011000001100010111010111010
0110010111010011010101010001100100100011101010110001110110101110101101101110100001000111011100010110
1010100101010111110010110110101100101011011101110001111100000010001111010111110110011111101110111010
1101010100000011101001110111111001111110001101010110101001000000100010000101100011011111110001011011
0010010010000100000100010100101100101100100100000001101000100010011001010001001000100000110000111111
1000101011001001011000000101101000010011010010001000001101110010111011001111010010000111010000101010
1111000111010111000010110010111001011011101111000110100101010010100011111111011000111100001000111100
0000100000001000011000011010111000100100010000111011111100001000001110110010001100101001010111011011
1110010000011001010011010111101100101011110100110111111110001110111111100110011101001011111101100111
1110000101000110100110110111111000101111111111101001111011001101111101111110110011011111011111100000
0010010000001100000010000000000001000000100000000001100000100010000100000000001010100100100101010000
0101110100101101111001010111010110011111011111100000111100110000110110010101000000011111111110110000
1101110101001010001000001100101010011100000110100010011101001110101101001010100011110010001100110000
