89
80
88
114
98
103
89
98
89
89
98
88
89
80
80
89
80
80
80
114
103
21
103
88
103
80
98
80
103
88
103
89
89
89
88
80
80
80
98
98
80
89
103
114
89
114
103
103
89
114
80
103
80
103
89
89
27
89
103
27
114
89
89
114
25
88
27
80
103
89
88
88
80
89
103
80
103
80
89
89
103
103
114
88
103
98
80
98
98
103
98
89
103
89
89
80
89
88
80
89
89
89
103
103
98
103
25
103
80
98
89
103
103
80
114
25
89
103
89
89
80
103
80
98
98
89
80
103
114
80
89
98
88
103
89
27
80
21
80
103
88
98
90
80
80
103
89
103
80
114
98
103
103
89
98
89
80
21
103
103
89
89
27
25
103
89
89
80
103
80
103
114
80
88
103
114
98
89
80
25
27
89
88
89
98
89
89
103
114
103
88
114
103
103
103
103
89
88
103
88
103
89
80
80
80
103
80
114
25
98
103
89
103
89
21
89
80
80
27
27
103
103
89
103
88
89
89
103
103
21
80
80
98
89
21
103
80
27
98
89
88
98
88
80
114
89
80
89
88
103
80
103
98
89
80
21
27
89
80
80
89
98
80
89
103
80
80
103
103
80
114
103
80
80
103
25
103
80
89
89
80
80
88
89
80
80
89
21
114
80
103
88
103
88
80
98
103
80
103
89
