7
7
12
10
8
5
5
3
6
7
11
8
6
8
7
13
5
7
8
10
7
7
6
8
5
5
6
3
3
8
10
8
9
11
4
12
7
6
8
8
4
11
4
9
7
6
8
5
8
9
11
7
5
5
8
10
9
10
5
10
10
5
7
9
7
9
12
7
6
8
6
8
6
7
9
12
14
9
9
9
7
7
9
6
7
7
10
6
8
10
8
8
8
6
8
8
5
6
10
2
8
4
12
6
10
3
10
10
8
7
4
7
8
8
8
10
8
10
9
5
2
9
15
5
6
7
11
6
7
7
5
8
9
13
9
9
9
6
12
7
7
11
2
8
9
9
5
7
11
10
8
7
7
8
8
6
6
8
9
8
7
7
11
12
13
5
8
6
8
6
12
5
11
6
8
11
10
9
9
10
8
5
5
4
6
9
9
6
10
9
5
10
6
6
9
6
5
8
13
10
3
9
9
9
8
9
9
5
14
9
8
8
11
2
9
9
6
3
6
8
7
9
8
7
8
12
8
7
8
9
7
7
7
10
5
7
7
8
7
7
4
10
11
8
5
7
11
5
7
4
9
3
9
11
5
7
8
5
5
8
7
10
11
12
4
5
7
7
9
5
7
6
8
7
7
8
7
6
9
8
6
9
7
10
7
6
10
8
7
7
8
8
2
9
7
5
5
12
3
5
