195
233
202
192
193
210
228
226
219
237
157
193
248
211
206
152
200
224
193
192
234
213
217
233
155
205
221
240
206
187
182
222
219
205
189
238
167
182
215
174
210
222
206
238
215
246
229
219
180
198
161
225
224
191
167
226
198
215
231
227
199
233
199
192
206
206
217
156
220
188
213
235
193
227
244
257
209
215
220
197
217
235
218
244
187
228
161
206
218
228
226
193
177
222
215
212
167
163
188
189
161
219
225
194
245
169
241
183
216
215
179
230
220
204
210
215
204
200
243
196
204
206
217
224
210
161
213
245
245
174
243
195
212
176
225
181
197
180
204
193
175
192
205
214
180
183
222
201
225
228
200
225
208
183
201
197
215
227
198
207
173
213
192
231
229
225
231
226
187
218
240
195
232
198
224
200
227
227
155
222
198
204
222
233
227
233
248
203
210
167
193
210
202
239
192
260
212
215
217
238
162
212
148
227
183
233
201
219
155
202
206
227
218
207
196
218
230
161
200
206
228
207
224
190
223
222
148
201
207
205
185
242
245
238
180
241
204
156
189
209
202
213
220
199
207
169
217
217
247
187
194
169
223
187
229
250
198
204
239
198
203
218
222
151
222
209
199
217
226
193
221
202
217
233
197
206
206
198
235
229
225
206
241
245
210
187
196
221
193
215
237
218
208
246
193
230
226
187
210
194
