297
297
298
295
297
299
296
298
298
300
297
285
290
298
293
290
296
299
300
286
300
288
297
295
292
300
299
300
287
299
299
294
292
298
300
297
299
298
300
300
293
299
299
295
286
294
291
297
296
300
296
291
299
300
296
297
297
287
292
292
297
298
288
291
299
296
296
298
297
297
286
290
286
293
300
298
295
299
288
288
294
293
289
293
300
298
294
295
300
298
293
300
294
292
300
295
297
293
300
299
300
281
297
298
289
297
294
292
295
295
293
299
297
299
291
295
295
298
288
296
297
297
299
293
295
300
297
299
297
297
294
289
300
288
300
300
292
300
289
300
297
295
291
300
297
300
299
299
295
300
296
290
299
299
295
297
296
300
300
300
296
297
292
291
286
295
299
299
300
299
297
300
298
297
300
298
293
289
297
289
289
297
297
293
286
300
300
300
297
300
297
299
300
300
293
298
296
295
300
296
300
299
296
295
294
297
299
292
297
300
292
300
293
295
299
295
299
297
300
294
286
297
291
300
297
298
300
299
291
297
297
286
297
300
299
294
293
294
291
290
289
295
297
299
298
293
296
288
299
298
296
300
300
297
298
300
294
300
292
300
299
300
297
295
295
298
300
295
300
295
291
300
289
288
298
300
299
293
300
299
298
300
300
297
299
299
298
299
298
299
297
294
296
290
298
293
291
297
298
295
