72
64
89
86
84
87
53
74
77
68
70
82
82
87
54
70
67
85
73
77
92
82
78
68
70
85
84
69
87
74
70
83
85
90
88
74
81
60
81
60
59
95
72
70
62
53
62
81
94
83
84
55
56
86
77
71
87
84
89
85
85
73
74
68
64
72
74
89
95
57
87
78
77
49
88
76
69
89
85
85
89
78
86
89
72
81
68
94
85
85
75
72
77
72
78
89
72
73
62
92
91
71
90
70
92
64
70
65
46
73
90
70
73
78
86
87
65
95
89
77
91
71
86
100
80
93
74
91
77
79
87
64
56
62
81
89
58
71
88
92
80
87
100
84
63
93
74
92
93
74
68
87
88
77
68
85
80
93
89
71
68
86
56
87
91
93
76
65
87
67
91
68
84
55
73
62
64
91
63
66
87
91
70
82
90
76
88
52
62
62
74
54
82
95
68
83
85
68
78
76
74
71
74
66
74
93
68
71
68
56
63
78
80
70
82
64
86
68
75
82
62
86
68
69
85
55
73
85
82
86
89
81
76
94
68
91
89
86
74
88
85
100
93
72
73
81
91
69
80
87
82
78
70
80
67
78
84
66
80
80
77
78
72
59
73
58
69
67
65
64
91
74
93
82
81
60
66
70
84
70
77
78
93
89
82
58
81
68
90
82
83
82
67
92
74
52
64
69
65
63
