97
97
86
117
86
86
116
86
86
86
116
117
86
97
117
97
86
97
114
86
86
97
97
97
97
86
117
86
97
97
86
116
86
97
114
97
86
97
97
97
115
97
117
97
117
97
97
116
117
86
97
86
86
97
97
97
86
86
117
86
117
86
116
86
117
97
117
86
86
117
97
86
86
117
86
117
97
97
86
97
86
86
86
97
86
86
117
97
86
112
86
86
86
86
97
86
117
97
86
97
114
97
86
86
117
97
97
97
116
86
86
117
86
97
97
86
86
86
117
97
117
86
117
86
86
86
86
97
117
97
97
117
97
97
97
86
97
117
97
97
86
97
115
97
97
97
86
97
86
97
116
116
86
86
86
114
86
97
116
97
86
114
86
97
117
86
117
86
86
117
86
86
114
97
86
97
86
117
86
117
86
97
114
117
97
86
117
97
117
114
97
97
97
97
97
86
97
97
117
97
117
86
117
114
117
86
86
86
97
86
117
97
86
117
117
114
97
86
117
115
86
117
86
97
97
86
97
97
97
117
86
110
116
86
97
97
86
97
117
97
86
97
86
86
86
86
97
117
86
114
86
117
86
97
97
115
86
117
97
97
86
97
86
117
86
86
117
86
117
97
86
117
97
86
97
86
116
86
117
86
86
97
97
117
86
97
117
86
86
86
86
97
97
97
97
116
97
117
86
97
