7
9
8
8
7
5
8
7
7
4
7
9
10
7
7
8
5
9
6
8
7
10
7
5
6
6
9
8
10
8
7
11
10
5
6
8
8
7
9
6
6
10
4
7
5
6
11
6
6
7
9
6
10
7
11
8
9
7
4
10
9
8
7
7
8
9
7
6
12
10
6
4
6
6
11
5
9
11
9
7
5
6
6
6
10
12
7
6
10
7
5
7
6
6
7
6
5
6
7
8
8
6
8
6
6
7
8
10
8
7
6
7
9
7
8
9
7
9
8
8
9
6
6
10
4
7
8
5
7
12
9
5
8
8
8
9
2
5
7
8
7
6
5
7
10
5
9
9
6
6
12
6
9
9
5
8
8
8
11
8
7
8
6
6
4
8
5
6
7
5
4
10
5
5
6
7
10
8
8
4
10
9
7
6
7
11
3
6
3
8
8
5
8
6
6
7
6
7
7
10
6
9
8
9
9
8
8
5
10
7
7
9
6
10
7
8
8
8
6
4
8
9
8
6
7
7
8
7
6
8
10
10
6
6
10
8
6
9
8
2
6
4
7
6
10
6
9
9
9
8
4
8
11
8
7
6
10
9
3
7
7
5
5
8
9
5
7
8
7
7
7
8
10
5
9
7
9
7
11
10
10
3
10
6
3
6
7
8
7
5
10
7
7
7
6
7
12
5
6
7
