294
295
299
298
299
299
299
298
298
297
297
295
298
299
295
300
293
300
293
292
292
292
299
296
297
299
300
297
298
294
294
296
298
297
300
297
294
292
298
293
299
299
295
291
298
299
299
292
296
297
296
293
300
294
294
295
296
297
295
292
289
296
300
300
293
296
296
291
296
295
297
298
282
299
299
293
299
299
299
298
299
293
298
299
297
289
298
296
298
297
298
298
293
291
299
298
295
290
296
298
298
298
295
300
295
298
298
289
292
293
294
300
287
299
298
298
296
287
293
296
298
298
300
299
293
296
300
296
292
288
293
296
295
296
297
288
296
295
300
296
299
297
296
291
299
298
299
299
295
299
294
298
292
298
290
300
293
300
294
290
293
289
296
293
296
297
289
296
297
300
292
296
300
298
294
299
293
293
295
293
298
299
294
299
292
299
299
300
298
298
299
295
298
300
296
297
299
292
300
295
296
289
300
296
299
293
298
297
297
292
297
289
298
293
300
297
295
300
299
295
295
297
300
294
293
295
291
297
298
296
298
297
295
295
297
298
299
296
296
300
293
295
297
291
299
299
298
299
297
291
297
294
293
297
289
297
288
291
296
299
290
297
300
297
295
292
298
299
295
296
299
295
293
300
294
295
294
296
296
299
300
296
290
295
299
300
296
295
299
296
299
293
296
299
295
296
296
299
298
297
