79
62
90
76
83
76
87
72
91
78
80
70
80
78
88
78
81
86
70
87
58
73
87
73
80
77
75
62
57
83
76
79
85
81
81
91
90
56
88
78
77
62
82
66
88
62
76
64
72
74
62
63
83
78
78
72
61
79
75
83
77
83
66
62
71
89
81
71
80
70
77
92
67
70
76
93
89
77
88
86
66
75
87
64
57
70
83
74
84
56
75
82
81
78
73
64
92
85
84
56
76
81
81
72
85
74
78
78
66
73
77
79
73
66
73
66
83
81
68
64
84
86
84
43
82
81
89
88
82
95
81
63
86
73
83
90
76
93
75
70
88
78
62
79
75
67
79
75
71
56
79
86
78
76
66
70
73
81
63
80
86
93
89
87
77
90
75
62
75
87
88
75
73
75
81
91
73
73
75
73
58
60
64
93
72
86
92
85
80
70
75
91
80
80
81
93
79
81
87
78
82
83
73
66
69
80
85
78
70
83
84
58
83
76
72
67
50
77
86
80
82
70
56
80
87
93
80
70
81
87
67
66
86
81
78
62
56
79
70
72
78
81
79
83
77
73
62
68
79
90
76
70
65
75
86
81
76
79
90
78
84
85
66
72
72
84
83
75
85
89
81
91
85
80
79
71
79
83
79
80
87
87
79
69
83
85
92
89
83
93
72
71
81
82
74
67
87
82
83
84
