99
98
99
99
91
91
97
91
91
110
91
109
92
101
98
91
102
107
109
91
107
99
98
100
99
91
110
91
99
93
110
98
104
106
99
104
91
91
91
92
109
100
99
110
91
103
98
91
91
91
110
102
91
100
99
108
91
110
104
109
91
99
96
102
96
108
91
99
102
85
91
91
91
91
91
96
91
91
91
109
91
98
91
91
91
99
91
91
103
109
98
99
90
96
99
91
91
99
91
99
108
91
99
101
98
91
95
99
91
99
91
91
110
91
109
91
97
101
99
91
91
91
109
91
96
99
99
102
91
110
110
91
105
97
91
99
99
91
92
91
91
98
99
108
91
105
99
91
107
109
99
91
91
91
103
110
91
91
109
91
91
99
99
109
108
105
91
109
91
109
99
109
109
91
97
91
99
91
99
91
98
100
110
101
99
97
106
91
108
91
99
99
99
96
99
96
99
91
98
104
91
91
91
91
99
109
95
105
99
91
106
99
91
94
107
91
101
91
106
91
91
99
91
105
99
99
109
91
99
91
99
99
110
99
99
91
91
99
107
91
91
99
99
108
91
91
99
105
107
99
101
104
110
99
108
99
91
99
91
99
91
99
103
91
106
99
91
91
99
91
91
108
107
99
91
96
91
91
110
91
91
106
104
98
108
91
110
91
99
99
94
109
109
99
91
91
99
94
91
101
