111
95
106
107
109
108
123
105
106
91
104
118
108
98
105
108
94
84
106
100
97
114
99
109
102
99
107
111
104
115
109
110
103
92
104
100
97
103
107
100
109
107
101
100
109
105
107
119
99
107
103
102
106
98
112
111
104
109
100
120
115
114
115
102
114
99
101
114
105
104
98
99
116
108
100
92
102
91
98
109
97
104
116
103
118
108
114
97
110
98
103
100
93
104
99
102
111
89
103
109
112
102
97
106
112
125
94
117
98
87
107
117
97
114
108
92
110
117
110
106
104
99
106
101
107
109
108
106
97
108
99
103
107
110
95
108
106
103
100
98
128
104
104
114
135
93
88
103
113
105
121
93
122
107
121
109
106
111
104
89
120
101
105
90
114
105
87
110
100
108
98
113
112
106
101
113
112
103
118
117
110
107
103
103
101
116
108
116
96
91
108
111
106
109
102
112
107
100
108
105
112
116
114
94
112
100
104
104
99
105
109
117
110
112
100
90
111
94
91
116
104
108
99
108
111
114
109
102
125
96
96
116
83
99
82
102
108
105
105
105
111
97
107
122
94
102
108
96
101
119
101
102
109
103
123
87
109
98
100
96
119
112
97
96
96
106
101
98
97
100
103
95
94
101
106
109
102
104
92
101
98
113
120
99
93
119
113
108
103
99
99
110
108
104
124
100
99
80
103
100
