285
290
285
290
288
282
286
283
291
282
288
287
287
283
285
291
286
288
287
290
283
286
283
287
284
286
289
286
285
285
290
290
289
293
286
285
282
290
286
283
285
280
286
287
290
286
282
292
286
291
289
292
286
285
291
282
286
288
288
287
286
283
288
287
293
283
288
285
289
291
290
286
290
291
290
285
284
287
286
286
287
287
289
289
292
282
286
287
290
290
290
287
287
288
286
285
289
285
282
287
289
293
285
286
288
285
287
290
287
283
288
287
285
285
292
285
284
283
284
284
288
287
289
291
293
285
284
283
285
288
289
290
287
288
290
288
286
289
286
285
292
289
289
286
288
287
288
291
287
289
290
287
286
289
289
288
285
285
293
284
294
285
290
288
287
285
291
291
283
289
289
286
291
285
288
291
292
289
285
291
286
292
284
293
281
288
288
288
289
284
286
282
286
282
292
286
288
290
285
291
283
286
292
285
289
290
286
286
292
289
290
290
286
291
285
285
287
285
290
284
290
286
291
283
294
289
284
287
289
286
285
290
288
289
288
280
286
283
282
286
284
287
291
281
291
285
294
291
285
292
295
286
289
286
287
285
289
289
289
294
285
285
286
288
281
285
286
287
285
291
286
283
291
288
286
289
294
290
288
285
285
286
287
296
283
289
293
285
288
289
289
289
292
288
291
293
290
286
290
282
