286
286
283
279
278
288
282
285
283
286
283
287
280
279
280
285
291
277
283
278
287
283
284
281
287
286
275
279
281
278
283
275
282
272
278
285
281
284
286
277
279
281
282
277
283
286
283
289
286
283
281
287
276
281
284
279
280
278
277
278
279
284
283
283
282
275
286
283
275
285
282
278
285
283
283
282
281
283
287
283
285
282
282
283
286
282
286
286
276
288
282
280
281
287
287
281
286
287
280
283
281
284
282
277
283
285
283
282
282
287
285
280
279
280
274
280
280
283
280
281
282
281
283
281
278
282
284
285
281
275
274
282
277
286
273
283
283
280
283
281
282
282
284
283
278
285
289
278
281
286
280
284
282
287
282
284
285
285
290
284
280
284
280
287
280
277
279
281
283
285
283
277
278
276
286
285
284
275
284
279
282
284
283
288
274
280
279
286
286
283
288
286
279
288
278
280
276
287
284
286
282
279
277
288
282
285
279
280
286
284
283
280
286
277
287
282
286
282
285
289
280
283
282
286
283
276
276
283
281
284
285
281
284
281
276
283
288
280
285
281
281
284
289
282
282
285
281
285
283
285
282
280
277
278
284
289
280
284
285
289
286
277
282
283
281
283
283
284
279
282
279
279
281
287
284
286
283
288
279
282
287
287
280
284
273
279
283
282
280
282
285
279
278
282
284
287
279
275
277
279
