111
82
111
90
82
90
82
111
82
111
90
111
82
111
111
82
90
111
111
82
90
82
28
90
90
120
90
82
120
90
90
82
111
90
111
120
24
28
90
94
24
90
111
24
111
120
82
111
90
82
82
82
94
120
111
82
111
28
94
120
82
86
111
82
111
86
111
28
90
82
111
94
90
111
94
82
82
90
90
111
94
82
120
120
90
111
120
82
90
94
22
82
90
82
90
82
94
24
82
90
111
82
90
111
111
82
22
86
111
82
90
90
82
90
82
86
90
94
82
120
86
111
86
82
82
86
94
94
82
90
82
111
120
111
111
111
90
90
82
111
90
82
90
82
111
111
90
111
82
23
90
94
86
22
90
82
86
94
82
111
86
82
90
82
82
111
82
90
90
90
82
111
111
111
90
82
120
111
120
111
82
82
111
82
94
82
90
90
90
111
22
82
111
86
82
90
28
90
24
82
82
111
111
111
82
24
120
111
90
82
90
111
111
90
82
111
111
120
82
111
111
111
90
82
111
82
22
90
111
90
111
94
90
111
111
90
82
86
86
24
82
82
111
111
94
120
90
86
111
90
82
90
111
90
90
28
90
120
90
82
94
82
90
90
24
82
111
90
82
111
28
111
120
111
82
82
82
90
82
111
82
90
86
90
94
82
111
86
28
111
111
90
111
82
82
86
82
82
82
28
